#bank (degree) (number of ISAW data groups)
BANK 10 256
1 14.2921 1.7866 33.5447 0.0006249
2 14.0615 1.7975 33.3141 0.0006173
3 13.8338 1.8084 33.0864 0.0006099
4 13.6088 1.8194 32.8614 0.0006026
5 13.3865 1.8304 32.6391 0.0005953
6 13.1669 1.8415 32.4195 0.0005882
7 12.9498 1.8525 32.2024 0.0005812
8 12.7354 1.8636 31.988 0.0005743
9 12.5235 1.8747 31.7761 0.0005675
10 12.3141 1.8859 31.5667 0.0005608
11 12.1072 1.897 31.3598 0.0005543
12 11.9026 1.9082 31.1552 0.0005478
13 11.7005 1.9194 30.9531 0.0005414
14 11.5007 1.9307 30.7533 0.0005351
15 11.3033 1.9419 30.5559 0.0005289
16 11.1081 1.9532 30.3607 0.0005228
17 10.9152 1.9645 30.1678 0.0005168
18 10.7244 1.9758 29.977 0.0005109
19 10.5359 1.9872 29.7885 0.0005051
20 10.3495 1.9986 29.6021 0.0004994
21 10.1652 2.01 29.4178 0.0004937
22 9.983 2.0214 29.2356 0.0004882
23 9.8028 2.0328 29.0554 0.0004827
24 9.6246 2.0442 28.8772 0.0004773
25 9.4485 2.0557 28.7011 0.000472
26 9.2742 2.0672 28.5268 0.0004668
27 9.102 2.0787 28.3546 0.0004616
28 8.9316 2.0902 28.1842 0.0004565
29 8.7631 2.1018 28.0157 0.0004515
30 8.5964 2.1134 27.849 0.0004466
31 8.4315 2.1249 27.6841 0.0004417
32 8.2685 2.1365 27.5211 0.000437
33 14.2921 1.7866 33.5447 0.0006249
34 14.0615 1.7975 33.3141 0.0006173
35 13.8338 1.8084 33.0864 0.0006099
36 13.6088 1.8194 32.8614 0.0006026
37 13.3865 1.8304 32.6391 0.0005953
38 13.1669 1.8415 32.4195 0.0005882
39 12.9498 1.8525 32.2024 0.0005812
40 12.7354 1.8636 31.988 0.0005743
41 12.5235 1.8747 31.7761 0.0005675
42 12.3141 1.8859 31.5667 0.0005608
43 12.1072 1.897 31.3598 0.0005543
44 11.9026 1.9082 31.1552 0.0005478
45 11.7005 1.9194 30.9531 0.0005414
46 11.5007 1.9307 30.7533 0.0005351
47 11.3033 1.9419 30.5559 0.0005289
48 11.1081 1.9532 30.3607 0.0005228
49 10.9152 1.9645 30.1678 0.0005168
50 10.7244 1.9758 29.977 0.0005109
51 10.5359 1.9872 29.7885 0.0005051
52 10.3495 1.9986 29.6021 0.0004994
53 10.1652 2.01 29.4178 0.0004937
54 9.983 2.0214 29.2356 0.0004882
55 9.8028 2.0328 29.0554 0.0004827
56 9.6246 2.0442 28.8772 0.0004773
57 9.4485 2.0557 28.7011 0.000472
58 9.2742 2.0672 28.5268 0.0004668
59 9.102 2.0787 28.3546 0.0004616
60 8.9316 2.0902 28.1842 0.0004565
61 8.7631 2.1018 28.0157 0.0004515
62 8.5964 2.1134 27.849 0.0004466
63 8.4315 2.1249 27.6841 0.0004417
64 8.2685 2.1365 27.5211 0.000437
65 14.2921 1.7866 33.5447 0.0006249
66 14.0615 1.7975 33.3141 0.0006173
67 13.8338 1.8084 33.0864 0.0006099
68 13.6088 1.8194 32.8614 0.0006026
69 13.3865 1.8304 32.6391 0.0005953
70 13.1669 1.8415 32.4195 0.0005882
71 12.9498 1.8525 32.2024 0.0005812
72 12.7354 1.8636 31.988 0.0005743
73 12.5235 1.8747 31.7761 0.0005675
74 12.3141 1.8859 31.5667 0.0005608
75 12.1072 1.897 31.3598 0.0005543
76 11.9026 1.9082 31.1552 0.0005478
77 11.7005 1.9194 30.9531 0.0005414
78 11.5007 1.9307 30.7533 0.0005351
79 11.3033 1.9419 30.5559 0.0005289
80 11.1081 1.9532 30.3607 0.0005228
81 10.9152 1.9645 30.1678 0.0005168
82 10.7244 1.9758 29.977 0.0005109
83 10.5359 1.9872 29.7885 0.0005051
84 10.3495 1.9986 29.6021 0.0004994
85 10.1652 2.01 29.4178 0.0004937
86 9.983 2.0214 29.2356 0.0004882
87 9.8028 2.0328 29.0554 0.0004827
88 9.6246 2.0442 28.8772 0.0004773
89 9.4485 2.0557 28.7011 0.000472
90 9.2742 2.0672 28.5268 0.0004668
91 9.102 2.0787 28.3546 0.0004616
92 8.9316 2.0902 28.1842 0.0004565
93 8.7631 2.1018 28.0157 0.0004515
94 8.5964 2.1134 27.849 0.0004466
95 8.4315 2.1249 27.6841 0.0004417
96 8.2685 2.1365 27.5211 0.000437
97 14.2921 1.7866 33.5447 0.0006249
98 14.0615 1.7975 33.3141 0.0006173
99 13.8338 1.8084 33.0864 0.0006099
100 13.6088 1.8194 32.8614 0.0006026
101 13.3865 1.8304 32.6391 0.0005953
102 13.1669 1.8415 32.4195 0.0005882
103 12.9498 1.8525 32.2024 0.0005812
104 12.7354 1.8636 31.988 0.0005743
105 12.5235 1.8747 31.7761 0.0005675
106 12.3141 1.8859 31.5667 0.0005608
107 12.1072 1.897 31.3598 0.0005543
108 11.9026 1.9082 31.1552 0.0005478
109 11.7005 1.9194 30.9531 0.0005414
110 11.5007 1.9307 30.7533 0.0005351
111 11.3033 1.9419 30.5559 0.0005289
112 11.1081 1.9532 30.3607 0.0005228
113 10.9152 1.9645 30.1678 0.0005168
114 10.7244 1.9758 29.977 0.0005109
115 10.5359 1.9872 29.7885 0.0005051
116 10.3495 1.9986 29.6021 0.0004994
117 10.1652 2.01 29.4178 0.0004937
118 9.983 2.0214 29.2356 0.0004882
119 9.8028 2.0328 29.0554 0.0004827
120 9.6246 2.0442 28.8772 0.0004773
121 9.4485 2.0557 28.7011 0.000472
122 9.2742 2.0672 28.5268 0.0004668
123 9.102 2.0787 28.3546 0.0004616
124 8.9316 2.0902 28.1842 0.0004565
125 8.7631 2.1018 28.0157 0.0004515
126 8.5964 2.1134 27.849 0.0004466
127 8.4315 2.1249 27.6841 0.0004417
128 8.2685 2.1365 27.5211 0.000437
129 14.2921 1.7866 33.5447 0.0006249
130 14.0615 1.7975 33.3141 0.0006173
131 13.8338 1.8084 33.0864 0.0006099
132 13.6088 1.8194 32.8614 0.0006026
133 13.3865 1.8304 32.6391 0.0005953
134 13.1669 1.8415 32.4195 0.0005882
135 12.9498 1.8525 32.2024 0.0005812
136 12.7354 1.8636 31.988 0.0005743
137 12.5235 1.8747 31.7761 0.0005675
138 12.3141 1.8859 31.5667 0.0005608
139 12.1072 1.897 31.3598 0.0005543
140 11.9026 1.9082 31.1552 0.0005478
141 11.7005 1.9194 30.9531 0.0005414
142 11.5007 1.9307 30.7533 0.0005351
143 11.3033 1.9419 30.5559 0.0005289
144 11.1081 1.9532 30.3607 0.0005228
145 10.9152 1.9645 30.1678 0.0005168
146 10.7244 1.9758 29.977 0.0005109
147 10.5359 1.9872 29.7885 0.0005051
148 10.3495 1.9986 29.6021 0.0004994
149 10.1652 2.01 29.4178 0.0004937
150 9.983 2.0214 29.2356 0.0004882
151 9.8028 2.0328 29.0554 0.0004827
152 9.6246 2.0442 28.8772 0.0004773
153 9.4485 2.0557 28.7011 0.000472
154 9.2742 2.0672 28.5268 0.0004668
155 9.102 2.0787 28.3546 0.0004616
156 8.9316 2.0902 28.1842 0.0004565
157 8.7631 2.1018 28.0157 0.0004515
158 8.5964 2.1134 27.849 0.0004466
159 8.4315 2.1249 27.6841 0.0004417
160 8.2685 2.1365 27.5211 0.000437
161 14.2921 1.7866 33.5447 0.0006249
162 14.0615 1.7975 33.3141 0.0006173
163 13.8338 1.8084 33.0864 0.0006099
164 13.6088 1.8194 32.8614 0.0006026
165 13.3865 1.8304 32.6391 0.0005953
166 13.1669 1.8415 32.4195 0.0005882
167 12.9498 1.8525 32.2024 0.0005812
168 12.7354 1.8636 31.988 0.0005743
169 12.5235 1.8747 31.7761 0.0005675
170 12.3141 1.8859 31.5667 0.0005608
171 12.1072 1.897 31.3598 0.0005543
172 11.9026 1.9082 31.1552 0.0005478
173 11.7005 1.9194 30.9531 0.0005414
174 11.5007 1.9307 30.7533 0.0005351
175 11.3033 1.9419 30.5559 0.0005289
176 11.1081 1.9532 30.3607 0.0005228
177 10.9152 1.9645 30.1678 0.0005168
178 10.7244 1.9758 29.977 0.0005109
179 10.5359 1.9872 29.7885 0.0005051
180 10.3495 1.9986 29.6021 0.0004994
181 10.1652 2.01 29.4178 0.0004937
182 9.983 2.0214 29.2356 0.0004882
183 9.8028 2.0328 29.0554 0.0004827
184 9.6246 2.0442 28.8772 0.0004773
185 9.4485 2.0557 28.7011 0.000472
186 9.2742 2.0672 28.5268 0.0004668
187 9.102 2.0787 28.3546 0.0004616
188 8.9316 2.0902 28.1842 0.0004565
189 8.7631 2.1018 28.0157 0.0004515
190 8.5964 2.1134 27.849 0.0004466
191 8.4315 2.1249 27.6841 0.0004417
192 8.2685 2.1365 27.5211 0.000437
193 14.2921 1.7866 33.5447 0.0006249
194 14.0615 1.7975 33.3141 0.0006173
195 13.8338 1.8084 33.0864 0.0006099
196 13.6088 1.8194 32.8614 0.0006026
197 13.3865 1.8304 32.6391 0.0005953
198 13.1669 1.8415 32.4195 0.0005882
199 12.9498 1.8525 32.2024 0.0005812
200 12.7354 1.8636 31.988 0.0005743
201 12.5235 1.8747 31.7761 0.0005675
202 12.3141 1.8859 31.5667 0.0005608
203 12.1072 1.897 31.3598 0.0005543
204 11.9026 1.9082 31.1552 0.0005478
205 11.7005 1.9194 30.9531 0.0005414
206 11.5007 1.9307 30.7533 0.0005351
207 11.3033 1.9419 30.5559 0.0005289
208 11.1081 1.9532 30.3607 0.0005228
209 10.9152 1.9645 30.1678 0.0005168
210 10.7244 1.9758 29.977 0.0005109
211 10.5359 1.9872 29.7885 0.0005051
212 10.3495 1.9986 29.6021 0.0004994
213 10.1652 2.01 29.4178 0.0004937
214 9.983 2.0214 29.2356 0.0004882
215 9.8028 2.0328 29.0554 0.0004827
216 9.6246 2.0442 28.8772 0.0004773
217 9.4485 2.0557 28.7011 0.000472
218 9.2742 2.0672 28.5268 0.0004668
219 9.102 2.0787 28.3546 0.0004616
220 8.9316 2.0902 28.1842 0.0004565
221 8.7631 2.1018 28.0157 0.0004515
222 8.5964 2.1134 27.849 0.0004466
223 8.4315 2.1249 27.6841 0.0004417
224 8.2685 2.1365 27.5211 0.000437
225 14.2921 1.7866 33.5447 0.0006249
226 14.0615 1.7975 33.3141 0.0006173
227 13.8338 1.8084 33.0864 0.0006099
228 13.6088 1.8194 32.8614 0.0006026
229 13.3865 1.8304 32.6391 0.0005953
230 13.1669 1.8415 32.4195 0.0005882
231 12.9498 1.8525 32.2024 0.0005812
232 12.7354 1.8636 31.988 0.0005743
233 12.5235 1.8747 31.7761 0.0005675
234 12.3141 1.8859 31.5667 0.0005608
235 12.1072 1.897 31.3598 0.0005543
236 11.9026 1.9082 31.1552 0.0005478
237 11.7005 1.9194 30.9531 0.0005414
238 11.5007 1.9307 30.7533 0.0005351
239 11.3033 1.9419 30.5559 0.0005289
240 11.1081 1.9532 30.3607 0.0005228
241 10.9152 1.9645 30.1678 0.0005168
242 10.7244 1.9758 29.977 0.0005109
243 10.5359 1.9872 29.7885 0.0005051
244 10.3495 1.9986 29.6021 0.0004994
245 10.1652 2.01 29.4178 0.0004937
246 9.983 2.0214 29.2356 0.0004882
247 9.8028 2.0328 29.0554 0.0004827
248 9.6246 2.0442 28.8772 0.0004773
249 9.4485 2.0557 28.7011 0.000472
250 9.2742 2.0672 28.5268 0.0004668
251 9.102 2.0787 28.3546 0.0004616
252 8.9316 2.0902 28.1842 0.0004565
253 8.7631 2.1018 28.0157 0.0004515
254 8.5964 2.1134 27.849 0.0004466
255 8.4315 2.1249 27.6841 0.0004417
256 8.2685 2.1365 27.5211 0.000437
BANK 20 384
1 32.74188014 1.401013087 51.9953887 0.002406117
2 32.24595967 1.410606439 51.49946824 0.002373501
3 31.7567751 1.420304036 51.01028366 0.0023412
4 31.27425998 1.430103759 50.52776854 0.002309224
5 30.7983459 1.440003521 50.05185446 0.002277582
6 30.32896265 1.450001275 49.58247122 0.002246282
7 29.86603845 1.460095007 49.11954701 0.002215332
8 29.40950008 1.47028274 48.66300864 0.002184738
9 28.9592731 1.480562535 48.21278166 0.002154505
10 28.51528199 1.490932486 47.76879055 0.002124639
11 28.07745031 1.501390726 47.33095887 0.002095143
12 27.64570086 1.511935422 46.89920941 0.002066021
13 27.21995578 1.522564779 46.47346433 0.002037275
14 26.80013673 1.533277035 46.05364528 0.002008907
15 26.38616499 1.544070465 45.63967355 0.00198092
16 25.97796157 1.55494338 45.23147012 0.001953314
17 25.57544732 1.565894122 44.82895587 0.001926089
18 25.17854304 1.576921071 44.43205159 0.001899246
19 24.78716956 1.588022639 44.04067811 0.001872784
20 24.40124784 1.599197272 43.65475639 0.001846703
21 24.02069906 1.610443449 43.27420761 0.001821001
22 23.64544467 1.621759682 42.89895321 0.001795677
23 23.27540646 1.633144515 42.52891501 0.001770728
24 22.91050667 1.644596523 42.16401522 0.001746153
25 22.550668 1.656114312 41.80417654 0.00172195
26 22.19581367 1.667696519 41.44932222 0.001698115
27 21.84586751 1.679341812 41.09937605 0.001674646
28 21.50075395 1.691048887 40.75426249 0.001651539
29 21.16039811 1.702816471 40.41390665 0.001628791
30 20.8247258 1.714643316 40.07823434 0.001606399
31 20.49366359 1.726528206 39.74717213 0.00158436
32 20.16713881 1.738469949 39.42064735 0.001562668
33 32.74188014 1.401013087 51.9953887 0.002406117
34 32.24595967 1.410606439 51.49946824 0.002373501
35 31.7567751 1.420304036 51.01028366 0.0023412
36 31.27425998 1.430103759 50.52776854 0.002309224
37 30.7983459 1.440003521 50.05185446 0.002277582
38 30.32896265 1.450001275 49.58247122 0.002246282
39 29.86603845 1.460095007 49.11954701 0.002215332
40 29.40950008 1.47028274 48.66300864 0.002184738
41 28.9592731 1.480562535 48.21278166 0.002154505
42 28.51528199 1.490932486 47.76879055 0.002124639
43 28.07745031 1.501390726 47.33095887 0.002095143
44 27.64570086 1.511935422 46.89920941 0.002066021
45 27.21995578 1.522564779 46.47346433 0.002037275
46 26.80013673 1.533277035 46.05364528 0.002008907
47 26.38616499 1.544070465 45.63967355 0.00198092
48 25.97796157 1.55494338 45.23147012 0.001953314
49 25.57544732 1.565894122 44.82895587 0.001926089
50 25.17854304 1.576921071 44.43205159 0.001899246
51 24.78716956 1.588022639 44.04067811 0.001872784
52 24.40124784 1.599197272 43.65475639 0.001846703
53 24.02069906 1.610443449 43.27420761 0.001821001
54 23.64544467 1.621759682 42.89895321 0.001795677
55 23.27540646 1.633144515 42.52891501 0.001770728
56 22.91050667 1.644596523 42.16401522 0.001746153
57 22.550668 1.656114312 41.80417654 0.00172195
58 22.19581367 1.667696519 41.44932222 0.001698115
59 21.84586751 1.679341812 41.09937605 0.001674646
60 21.50075395 1.691048887 40.75426249 0.001651539
61 21.16039811 1.702816471 40.41390665 0.001628791
62 20.8247258 1.714643316 40.07823434 0.001606399
63 20.49366359 1.726528206 39.74717213 0.00158436
64 20.16713881 1.738469949 39.42064735 0.001562668
65 32.74188014 1.401013087 51.9953887 0.002406117
66 32.24595967 1.410606439 51.49946824 0.002373501
67 31.7567751 1.420304036 51.01028366 0.0023412
68 31.27425998 1.430103759 50.52776854 0.002309224
69 30.7983459 1.440003521 50.05185446 0.002277582
70 30.32896265 1.450001275 49.58247122 0.002246282
71 29.86603845 1.460095007 49.11954701 0.002215332
72 29.40950008 1.47028274 48.66300864 0.002184738
73 28.9592731 1.480562535 48.21278166 0.002154505
74 28.51528199 1.490932486 47.76879055 0.002124639
75 28.07745031 1.501390726 47.33095887 0.002095143
76 27.64570086 1.511935422 46.89920941 0.002066021
77 27.21995578 1.522564779 46.47346433 0.002037275
78 26.80013673 1.533277035 46.05364528 0.002008907
79 26.38616499 1.544070465 45.63967355 0.00198092
80 25.97796157 1.55494338 45.23147012 0.001953314
81 25.57544732 1.565894122 44.82895587 0.001926089
82 25.17854304 1.576921071 44.43205159 0.001899246
83 24.78716956 1.588022639 44.04067811 0.001872784
84 24.40124784 1.599197272 43.65475639 0.001846703
85 24.02069906 1.610443449 43.27420761 0.001821001
86 23.64544467 1.621759682 42.89895321 0.001795677
87 23.27540646 1.633144515 42.52891501 0.001770728
88 22.91050667 1.644596523 42.16401522 0.001746153
89 22.550668 1.656114312 41.80417654 0.00172195
90 22.19581367 1.667696519 41.44932222 0.001698115
91 21.84586751 1.679341812 41.09937605 0.001674646
92 21.50075395 1.691048887 40.75426249 0.001651539
93 21.16039811 1.702816471 40.41390665 0.001628791
94 20.8247258 1.714643316 40.07823434 0.001606399
95 20.49366359 1.726528206 39.74717213 0.00158436
96 20.16713881 1.738469949 39.42064735 0.001562668
97 32.74188014 1.401013087 51.9953887 0.002406117
98 32.24595967 1.410606439 51.49946824 0.002373501
99 31.7567751 1.420304036 51.01028366 0.0023412
100 31.27425998 1.430103759 50.52776854 0.002309224
101 30.7983459 1.440003521 50.05185446 0.002277582
102 30.32896265 1.450001275 49.58247122 0.002246282
103 29.86603845 1.460095007 49.11954701 0.002215332
104 29.40950008 1.47028274 48.66300864 0.002184738
105 28.9592731 1.480562535 48.21278166 0.002154505
106 28.51528199 1.490932486 47.76879055 0.002124639
107 28.07745031 1.501390726 47.33095887 0.002095143
108 27.64570086 1.511935422 46.89920941 0.002066021
109 27.21995578 1.522564779 46.47346433 0.002037275
110 26.80013673 1.533277035 46.05364528 0.002008907
111 26.38616499 1.544070465 45.63967355 0.00198092
112 25.97796157 1.55494338 45.23147012 0.001953314
113 25.57544732 1.565894122 44.82895587 0.001926089
114 25.17854304 1.576921071 44.43205159 0.001899246
115 24.78716956 1.588022639 44.04067811 0.001872784
116 24.40124784 1.599197272 43.65475639 0.001846703
117 24.02069906 1.610443449 43.27420761 0.001821001
118 23.64544467 1.621759682 42.89895321 0.001795677
119 23.27540646 1.633144515 42.52891501 0.001770728
120 22.91050667 1.644596523 42.16401522 0.001746153
121 22.550668 1.656114312 41.80417654 0.00172195
122 22.19581367 1.667696519 41.44932222 0.001698115
123 21.84586751 1.679341812 41.09937605 0.001674646
124 21.50075395 1.691048887 40.75426249 0.001651539
125 21.16039811 1.702816471 40.41390665 0.001628791
126 20.8247258 1.714643316 40.07823434 0.001606399
127 20.49366359 1.726528206 39.74717213 0.00158436
128 20.16713881 1.738469949 39.42064735 0.001562668
129 32.74188014 1.401013087 51.9953887 0.002406117
130 32.24595967 1.410606439 51.49946824 0.002373501
131 31.7567751 1.420304036 51.01028366 0.0023412
132 31.27425998 1.430103759 50.52776854 0.002309224
133 30.7983459 1.440003521 50.05185446 0.002277582
134 30.32896265 1.450001275 49.58247122 0.002246282
135 29.86603845 1.460095007 49.11954701 0.002215332
136 29.40950008 1.47028274 48.66300864 0.002184738
137 28.9592731 1.480562535 48.21278166 0.002154505
138 28.51528199 1.490932486 47.76879055 0.002124639
139 28.07745031 1.501390726 47.33095887 0.002095143
140 27.64570086 1.511935422 46.89920941 0.002066021
141 27.21995578 1.522564779 46.47346433 0.002037275
142 26.80013673 1.533277035 46.05364528 0.002008907
143 26.38616499 1.544070465 45.63967355 0.00198092
144 25.97796157 1.55494338 45.23147012 0.001953314
145 25.57544732 1.565894122 44.82895587 0.001926089
146 25.17854304 1.576921071 44.43205159 0.001899246
147 24.78716956 1.588022639 44.04067811 0.001872784
148 24.40124784 1.599197272 43.65475639 0.001846703
149 24.02069906 1.610443449 43.27420761 0.001821001
150 23.64544467 1.621759682 42.89895321 0.001795677
151 23.27540646 1.633144515 42.52891501 0.001770728
152 22.91050667 1.644596523 42.16401522 0.001746153
153 22.550668 1.656114312 41.80417654 0.00172195
154 22.19581367 1.667696519 41.44932222 0.001698115
155 21.84586751 1.679341812 41.09937605 0.001674646
156 21.50075395 1.691048887 40.75426249 0.001651539
157 21.16039811 1.702816471 40.41390665 0.001628791
158 20.8247258 1.714643316 40.07823434 0.001606399
159 20.49366359 1.726528206 39.74717213 0.00158436
160 20.16713881 1.738469949 39.42064735 0.001562668
161 32.74188014 1.401013087 51.9953887 0.002406117
162 32.24595967 1.410606439 51.49946824 0.002373501
163 31.7567751 1.420304036 51.01028366 0.0023412
164 31.27425998 1.430103759 50.52776854 0.002309224
165 30.7983459 1.440003521 50.05185446 0.002277582
166 30.32896265 1.450001275 49.58247122 0.002246282
167 29.86603845 1.460095007 49.11954701 0.002215332
168 29.40950008 1.47028274 48.66300864 0.002184738
169 28.9592731 1.480562535 48.21278166 0.002154505
170 28.51528199 1.490932486 47.76879055 0.002124639
171 28.07745031 1.501390726 47.33095887 0.002095143
172 27.64570086 1.511935422 46.89920941 0.002066021
173 27.21995578 1.522564779 46.47346433 0.002037275
174 26.80013673 1.533277035 46.05364528 0.002008907
175 26.38616499 1.544070465 45.63967355 0.00198092
176 25.97796157 1.55494338 45.23147012 0.001953314
177 25.57544732 1.565894122 44.82895587 0.001926089
178 25.17854304 1.576921071 44.43205159 0.001899246
179 24.78716956 1.588022639 44.04067811 0.001872784
180 24.40124784 1.599197272 43.65475639 0.001846703
181 24.02069906 1.610443449 43.27420761 0.001821001
182 23.64544467 1.621759682 42.89895321 0.001795677
183 23.27540646 1.633144515 42.52891501 0.001770728
184 22.91050667 1.644596523 42.16401522 0.001746153
185 22.550668 1.656114312 41.80417654 0.00172195
186 22.19581367 1.667696519 41.44932222 0.001698115
187 21.84586751 1.679341812 41.09937605 0.001674646
188 21.50075395 1.691048887 40.75426249 0.001651539
189 21.16039811 1.702816471 40.41390665 0.001628791
190 20.8247258 1.714643316 40.07823434 0.001606399
191 20.49366359 1.726528206 39.74717213 0.00158436
192 20.16713881 1.738469949 39.42064735 0.001562668
193 32.74188014 1.401013087 51.9953887 0.002406117
194 32.24595967 1.410606439 51.49946824 0.002373501
195 31.7567751 1.420304036 51.01028366 0.0023412
196 31.27425998 1.430103759 50.52776854 0.002309224
197 30.7983459 1.440003521 50.05185446 0.002277582
198 30.32896265 1.450001275 49.58247122 0.002246282
199 29.86603845 1.460095007 49.11954701 0.002215332
200 29.40950008 1.47028274 48.66300864 0.002184738
201 28.9592731 1.480562535 48.21278166 0.002154505
202 28.51528199 1.490932486 47.76879055 0.002124639
203 28.07745031 1.501390726 47.33095887 0.002095143
204 27.64570086 1.511935422 46.89920941 0.002066021
205 27.21995578 1.522564779 46.47346433 0.002037275
206 26.80013673 1.533277035 46.05364528 0.002008907
207 26.38616499 1.544070465 45.63967355 0.00198092
208 25.97796157 1.55494338 45.23147012 0.001953314
209 25.57544732 1.565894122 44.82895587 0.001926089
210 25.17854304 1.576921071 44.43205159 0.001899246
211 24.78716956 1.588022639 44.04067811 0.001872784
212 24.40124784 1.599197272 43.65475639 0.001846703
213 24.02069906 1.610443449 43.27420761 0.001821001
214 23.64544467 1.621759682 42.89895321 0.001795677
215 23.27540646 1.633144515 42.52891501 0.001770728
216 22.91050667 1.644596523 42.16401522 0.001746153
217 22.550668 1.656114312 41.80417654 0.00172195
218 22.19581367 1.667696519 41.44932222 0.001698115
219 21.84586751 1.679341812 41.09937605 0.001674646
220 21.50075395 1.691048887 40.75426249 0.001651539
221 21.16039811 1.702816471 40.41390665 0.001628791
222 20.8247258 1.714643316 40.07823434 0.001606399
223 20.49366359 1.726528206 39.74717213 0.00158436
224 20.16713881 1.738469949 39.42064735 0.001562668
225 32.74188014 1.401013087 51.9953887 0.002406117
226 32.24595967 1.410606439 51.49946824 0.002373501
227 31.7567751 1.420304036 51.01028366 0.0023412
228 31.27425998 1.430103759 50.52776854 0.002309224
229 30.7983459 1.440003521 50.05185446 0.002277582
230 30.32896265 1.450001275 49.58247122 0.002246282
231 29.86603845 1.460095007 49.11954701 0.002215332
232 29.40950008 1.47028274 48.66300864 0.002184738
233 28.9592731 1.480562535 48.21278166 0.002154505
234 28.51528199 1.490932486 47.76879055 0.002124639
235 28.07745031 1.501390726 47.33095887 0.002095143
236 27.64570086 1.511935422 46.89920941 0.002066021
237 27.21995578 1.522564779 46.47346433 0.002037275
238 26.80013673 1.533277035 46.05364528 0.002008907
239 26.38616499 1.544070465 45.63967355 0.00198092
240 25.97796157 1.55494338 45.23147012 0.001953314
241 25.57544732 1.565894122 44.82895587 0.001926089
242 25.17854304 1.576921071 44.43205159 0.001899246
243 24.78716956 1.588022639 44.04067811 0.001872784
244 24.40124784 1.599197272 43.65475639 0.001846703
245 24.02069906 1.610443449 43.27420761 0.001821001
246 23.64544467 1.621759682 42.89895321 0.001795677
247 23.27540646 1.633144515 42.52891501 0.001770728
248 22.91050667 1.644596523 42.16401522 0.001746153
249 22.550668 1.656114312 41.80417654 0.00172195
250 22.19581367 1.667696519 41.44932222 0.001698115
251 21.84586751 1.679341812 41.09937605 0.001674646
252 21.50075395 1.691048887 40.75426249 0.001651539
253 21.16039811 1.702816471 40.41390665 0.001628791
254 20.8247258 1.714643316 40.07823434 0.001606399
255 20.49366359 1.726528206 39.74717213 0.00158436
256 20.16713881 1.738469949 39.42064735 0.001562668
257 32.74188014 1.401013087 51.9953887 0.002406117
258 32.24595967 1.410606439 51.49946824 0.002373501
259 31.7567751 1.420304036 51.01028366 0.0023412
260 31.27425998 1.430103759 50.52776854 0.002309224
261 30.7983459 1.440003521 50.05185446 0.002277582
262 30.32896265 1.450001275 49.58247122 0.002246282
263 29.86603845 1.460095007 49.11954701 0.002215332
264 29.40950008 1.47028274 48.66300864 0.002184738
265 28.9592731 1.480562535 48.21278166 0.002154505
266 28.51528199 1.490932486 47.76879055 0.002124639
267 28.07745031 1.501390726 47.33095887 0.002095143
268 27.64570086 1.511935422 46.89920941 0.002066021
269 27.21995578 1.522564779 46.47346433 0.002037275
270 26.80013673 1.533277035 46.05364528 0.002008907
271 26.38616499 1.544070465 45.63967355 0.00198092
272 25.97796157 1.55494338 45.23147012 0.001953314
273 25.57544732 1.565894122 44.82895587 0.001926089
274 25.17854304 1.576921071 44.43205159 0.001899246
275 24.78716956 1.588022639 44.04067811 0.001872784
276 24.40124784 1.599197272 43.65475639 0.001846703
277 24.02069906 1.610443449 43.27420761 0.001821001
278 23.64544467 1.621759682 42.89895321 0.001795677
279 23.27540646 1.633144515 42.52891501 0.001770728
280 22.91050667 1.644596523 42.16401522 0.001746153
281 22.550668 1.656114312 41.80417654 0.00172195
282 22.19581367 1.667696519 41.44932222 0.001698115
283 21.84586751 1.679341812 41.09937605 0.001674646
284 21.50075395 1.691048887 40.75426249 0.001651539
285 21.16039811 1.702816471 40.41390665 0.001628791
286 20.8247258 1.714643316 40.07823434 0.001606399
287 20.49366359 1.726528206 39.74717213 0.00158436
288 20.16713881 1.738469949 39.42064735 0.001562668
289 32.74188014 1.401013087 51.9953887 0.002406117
290 32.24595967 1.410606439 51.49946824 0.002373501
291 31.7567751 1.420304036 51.01028366 0.0023412
292 31.27425998 1.430103759 50.52776854 0.002309224
293 30.7983459 1.440003521 50.05185446 0.002277582
294 30.32896265 1.450001275 49.58247122 0.002246282
295 29.86603845 1.460095007 49.11954701 0.002215332
296 29.40950008 1.47028274 48.66300864 0.002184738
297 28.9592731 1.480562535 48.21278166 0.002154505
298 28.51528199 1.490932486 47.76879055 0.002124639
299 28.07745031 1.501390726 47.33095887 0.002095143
300 27.64570086 1.511935422 46.89920941 0.002066021
301 27.21995578 1.522564779 46.47346433 0.002037275
302 26.80013673 1.533277035 46.05364528 0.002008907
303 26.38616499 1.544070465 45.63967355 0.00198092
304 25.97796157 1.55494338 45.23147012 0.001953314
305 25.57544732 1.565894122 44.82895587 0.001926089
306 25.17854304 1.576921071 44.43205159 0.001899246
307 24.78716956 1.588022639 44.04067811 0.001872784
308 24.40124784 1.599197272 43.65475639 0.001846703
309 24.02069906 1.610443449 43.27420761 0.001821001
310 23.64544467 1.621759682 42.89895321 0.001795677
311 23.27540646 1.633144515 42.52891501 0.001770728
312 22.91050667 1.644596523 42.16401522 0.001746153
313 22.550668 1.656114312 41.80417654 0.00172195
314 22.19581367 1.667696519 41.44932222 0.001698115
315 21.84586751 1.679341812 41.09937605 0.001674646
316 21.50075395 1.691048887 40.75426249 0.001651539
317 21.16039811 1.702816471 40.41390665 0.001628791
318 20.8247258 1.714643316 40.07823434 0.001606399
319 20.49366359 1.726528206 39.74717213 0.00158436
320 20.16713881 1.738469949 39.42064735 0.001562668
321 32.74188014 1.401013087 51.9953887 0.002406117
322 32.24595967 1.410606439 51.49946824 0.002373501
323 31.7567751 1.420304036 51.01028366 0.0023412
324 31.27425998 1.430103759 50.52776854 0.002309224
325 30.7983459 1.440003521 50.05185446 0.002277582
326 30.32896265 1.450001275 49.58247122 0.002246282
327 29.86603845 1.460095007 49.11954701 0.002215332
328 29.40950008 1.47028274 48.66300864 0.002184738
329 28.9592731 1.480562535 48.21278166 0.002154505
330 28.51528199 1.490932486 47.76879055 0.002124639
331 28.07745031 1.501390726 47.33095887 0.002095143
332 27.64570086 1.511935422 46.89920941 0.002066021
333 27.21995578 1.522564779 46.47346433 0.002037275
334 26.80013673 1.533277035 46.05364528 0.002008907
335 26.38616499 1.544070465 45.63967355 0.00198092
336 25.97796157 1.55494338 45.23147012 0.001953314
337 25.57544732 1.565894122 44.82895587 0.001926089
338 25.17854304 1.576921071 44.43205159 0.001899246
339 24.78716956 1.588022639 44.04067811 0.001872784
340 24.40124784 1.599197272 43.65475639 0.001846703
341 24.02069906 1.610443449 43.27420761 0.001821001
342 23.64544467 1.621759682 42.89895321 0.001795677
343 23.27540646 1.633144515 42.52891501 0.001770728
344 22.91050667 1.644596523 42.16401522 0.001746153
345 22.550668 1.656114312 41.80417654 0.00172195
346 22.19581367 1.667696519 41.44932222 0.001698115
347 21.84586751 1.679341812 41.09937605 0.001674646
348 21.50075395 1.691048887 40.75426249 0.001651539
349 21.16039811 1.702816471 40.41390665 0.001628791
350 20.8247258 1.714643316 40.07823434 0.001606399
351 20.49366359 1.726528206 39.74717213 0.00158436
352 20.16713881 1.738469949 39.42064735 0.001562668
353 32.74188014 1.401013087 51.9953887 0.002406117
354 32.24595967 1.410606439 51.49946824 0.002373501
355 31.7567751 1.420304036 51.01028366 0.0023412
356 31.27425998 1.430103759 50.52776854 0.002309224
357 30.7983459 1.440003521 50.05185446 0.002277582
358 30.32896265 1.450001275 49.58247122 0.002246282
359 29.86603845 1.460095007 49.11954701 0.002215332
360 29.40950008 1.47028274 48.66300864 0.002184738
361 28.9592731 1.480562535 48.21278166 0.002154505
362 28.51528199 1.490932486 47.76879055 0.002124639
363 28.07745031 1.501390726 47.33095887 0.002095143
364 27.64570086 1.511935422 46.89920941 0.002066021
365 27.21995578 1.522564779 46.47346433 0.002037275
366 26.80013673 1.533277035 46.05364528 0.002008907
367 26.38616499 1.544070465 45.63967355 0.00198092
368 25.97796157 1.55494338 45.23147012 0.001953314
369 25.57544732 1.565894122 44.82895587 0.001926089
370 25.17854304 1.576921071 44.43205159 0.001899246
371 24.78716956 1.588022639 44.04067811 0.001872784
372 24.40124784 1.599197272 43.65475639 0.001846703
373 24.02069906 1.610443449 43.27420761 0.001821001
374 23.64544467 1.621759682 42.89895321 0.001795677
375 23.27540646 1.633144515 42.52891501 0.001770728
376 22.91050667 1.644596523 42.16401522 0.001746153
377 22.550668 1.656114312 41.80417654 0.00172195
378 22.19581367 1.667696519 41.44932222 0.001698115
379 21.84586751 1.679341812 41.09937605 0.001674646
380 21.50075395 1.691048887 40.75426249 0.001651539
381 21.16039811 1.702816471 40.41390665 0.001628791
382 20.8247258 1.714643316 40.07823434 0.001606399
383 20.49366359 1.726528206 39.74717213 0.00158436
384 20.16713881 1.738469949 39.42064735 0.001562668
BANK 40 288
1 45.1394576 1.072477924 45.91280698 0.005235607
2 44.57627357 1.082839903 45.34962295 0.005135885
3 44.02381809 1.093304514 44.79716747 0.005038039
4 43.48188732 1.103868838 44.2552367 0.004942069
5 42.95027759 1.11453004 43.72362697 0.004847973
6 42.42878577 1.125285367 43.20213515 0.004755744
7 41.91720973 1.136132145 42.69055911 0.00466537
8 41.41534858 1.147067779 42.18869796 0.004576839
9 40.92300306 1.158089754 41.69635244 0.004490134
10 40.43997574 1.169195627 41.21332513 0.004405238
11 39.96607132 1.180383029 40.7394207 0.00432213
12 39.50109679 1.191649665 40.27444617 0.004240788
13 39.04486165 1.202993309 39.81821104 0.004161188
14 38.59717806 1.214411802 39.37052744 0.004083305
15 38.15786097 1.225903054 38.93121036 0.004007112
16 37.72672825 1.237465036 38.50007764 0.003932583
17 37.30360079 1.249095785 38.07695017 0.003859689
18 36.88830256 1.260793398 37.66165194 0.003788401
19 36.4806607 1.272556032 37.25401008 0.00371869
20 36.08050557 1.284381898 36.85385495 0.003650526
21 35.68767077 1.296269268 36.46102015 0.003583879
22 35.30199319 1.308216464 36.07534257 0.003518719
23 34.92331301 1.320221862 35.69666239 0.003455015
24 34.5514737 1.332283889 35.32482308 0.003392737
25 45.1394576 1.072477924 45.91280698 0.005235607
26 44.57627357 1.082839903 45.34962295 0.005135885
27 44.02381809 1.093304514 44.79716747 0.005038039
28 43.48188732 1.103868838 44.2552367 0.004942069
29 42.95027759 1.11453004 43.72362697 0.004847973
30 42.42878577 1.125285367 43.20213515 0.004755744
31 41.91720973 1.136132145 42.69055911 0.00466537
32 41.41534858 1.147067779 42.18869796 0.004576839
33 40.92300306 1.158089754 41.69635244 0.004490134
34 40.43997574 1.169195627 41.21332513 0.004405238
35 39.96607132 1.180383029 40.7394207 0.00432213
36 39.50109679 1.191649665 40.27444617 0.004240788
37 39.04486165 1.202993309 39.81821104 0.004161188
38 38.59717806 1.214411802 39.37052744 0.004083305
39 38.15786097 1.225903054 38.93121036 0.004007112
40 37.72672825 1.237465036 38.50007764 0.003932583
41 37.30360079 1.249095785 38.07695017 0.003859689
42 36.88830256 1.260793398 37.66165194 0.003788401
43 36.4806607 1.272556032 37.25401008 0.00371869
44 36.08050557 1.284381898 36.85385495 0.003650526
45 35.68767077 1.296269268 36.46102015 0.003583879
46 35.30199319 1.308216464 36.07534257 0.003518719
47 34.92331301 1.320221862 35.69666239 0.003455015
48 34.5514737 1.332283889 35.32482308 0.003392737
49 45.1394576 1.072477924 45.91280698 0.005235607
50 44.57627357 1.082839903 45.34962295 0.005135885
51 44.02381809 1.093304514 44.79716747 0.005038039
52 43.48188732 1.103868838 44.2552367 0.004942069
53 42.95027759 1.11453004 43.72362697 0.004847973
54 42.42878577 1.125285367 43.20213515 0.004755744
55 41.91720973 1.136132145 42.69055911 0.00466537
56 41.41534858 1.147067779 42.18869796 0.004576839
57 40.92300306 1.158089754 41.69635244 0.004490134
58 40.43997574 1.169195627 41.21332513 0.004405238
59 39.96607132 1.180383029 40.7394207 0.00432213
60 39.50109679 1.191649665 40.27444617 0.004240788
61 39.04486165 1.202993309 39.81821104 0.004161188
62 38.59717806 1.214411802 39.37052744 0.004083305
63 38.15786097 1.225903054 38.93121036 0.004007112
64 37.72672825 1.237465036 38.50007764 0.003932583
65 37.30360079 1.249095785 38.07695017 0.003859689
66 36.88830256 1.260793398 37.66165194 0.003788401
67 36.4806607 1.272556032 37.25401008 0.00371869
68 36.08050557 1.284381898 36.85385495 0.003650526
69 35.68767077 1.296269268 36.46102015 0.003583879
70 35.30199319 1.308216464 36.07534257 0.003518719
71 34.92331301 1.320221862 35.69666239 0.003455015
72 34.5514737 1.332283889 35.32482308 0.003392737
73 45.1394576 1.072477924 45.91280698 0.005235607
74 44.57627357 1.082839903 45.34962295 0.005135885
75 44.02381809 1.093304514 44.79716747 0.005038039
76 43.48188732 1.103868838 44.2552367 0.004942069
77 42.95027759 1.11453004 43.72362697 0.004847973
78 42.42878577 1.125285367 43.20213515 0.004755744
79 41.91720973 1.136132145 42.69055911 0.00466537
80 41.41534858 1.147067779 42.18869796 0.004576839
81 40.92300306 1.158089754 41.69635244 0.004490134
82 40.43997574 1.169195627 41.21332513 0.004405238
83 39.96607132 1.180383029 40.7394207 0.00432213
84 39.50109679 1.191649665 40.27444617 0.004240788
85 39.04486165 1.202993309 39.81821104 0.004161188
86 38.59717806 1.214411802 39.37052744 0.004083305
87 38.15786097 1.225903054 38.93121036 0.004007112
88 37.72672825 1.237465036 38.50007764 0.003932583
89 37.30360079 1.249095785 38.07695017 0.003859689
90 36.88830256 1.260793398 37.66165194 0.003788401
91 36.4806607 1.272556032 37.25401008 0.00371869
92 36.08050557 1.284381898 36.85385495 0.003650526
93 35.68767077 1.296269268 36.46102015 0.003583879
94 35.30199319 1.308216464 36.07534257 0.003518719
95 34.92331301 1.320221862 35.69666239 0.003455015
96 34.5514737 1.332283889 35.32482308 0.003392737
97 45.1394576 1.072477924 45.91280698 0.005235607
98 44.57627357 1.082839903 45.34962295 0.005135885
99 44.02381809 1.093304514 44.79716747 0.005038039
100 43.48188732 1.103868838 44.2552367 0.004942069
101 42.95027759 1.11453004 43.72362697 0.004847973
102 42.42878577 1.125285367 43.20213515 0.004755744
103 41.91720973 1.136132145 42.69055911 0.00466537
104 41.41534858 1.147067779 42.18869796 0.004576839
105 40.92300306 1.158089754 41.69635244 0.004490134
106 40.43997574 1.169195627 41.21332513 0.004405238
107 39.96607132 1.180383029 40.7394207 0.00432213
108 39.50109679 1.191649665 40.27444617 0.004240788
109 39.04486165 1.202993309 39.81821104 0.004161188
110 38.59717806 1.214411802 39.37052744 0.004083305
111 38.15786097 1.225903054 38.93121036 0.004007112
112 37.72672825 1.237465036 38.50007764 0.003932583
113 37.30360079 1.249095785 38.07695017 0.003859689
114 36.88830256 1.260793398 37.66165194 0.003788401
115 36.4806607 1.272556032 37.25401008 0.00371869
116 36.08050557 1.284381898 36.85385495 0.003650526
117 35.68767077 1.296269268 36.46102015 0.003583879
118 35.30199319 1.308216464 36.07534257 0.003518719
119 34.92331301 1.320221862 35.69666239 0.003455015
120 34.5514737 1.332283889 35.32482308 0.003392737
121 45.1394576 1.072477924 45.91280698 0.005235607
122 44.57627357 1.082839903 45.34962295 0.005135885
123 44.02381809 1.093304514 44.79716747 0.005038039
124 43.48188732 1.103868838 44.2552367 0.004942069
125 42.95027759 1.11453004 43.72362697 0.004847973
126 42.42878577 1.125285367 43.20213515 0.004755744
127 41.91720973 1.136132145 42.69055911 0.00466537
128 41.41534858 1.147067779 42.18869796 0.004576839
129 40.92300306 1.158089754 41.69635244 0.004490134
130 40.43997574 1.169195627 41.21332513 0.004405238
131 39.96607132 1.180383029 40.7394207 0.00432213
132 39.50109679 1.191649665 40.27444617 0.004240788
133 39.04486165 1.202993309 39.81821104 0.004161188
134 38.59717806 1.214411802 39.37052744 0.004083305
135 38.15786097 1.225903054 38.93121036 0.004007112
136 37.72672825 1.237465036 38.50007764 0.003932583
137 37.30360079 1.249095785 38.07695017 0.003859689
138 36.88830256 1.260793398 37.66165194 0.003788401
139 36.4806607 1.272556032 37.25401008 0.00371869
140 36.08050557 1.284381898 36.85385495 0.003650526
141 35.68767077 1.296269268 36.46102015 0.003583879
142 35.30199319 1.308216464 36.07534257 0.003518719
143 34.92331301 1.320221862 35.69666239 0.003455015
144 34.5514737 1.332283889 35.32482308 0.003392737
145 45.1394576 1.072477924 45.91280698 0.005235607
146 44.57627357 1.082839903 45.34962295 0.005135885
147 44.02381809 1.093304514 44.79716747 0.005038039
148 43.48188732 1.103868838 44.2552367 0.004942069
149 42.95027759 1.11453004 43.72362697 0.004847973
150 42.42878577 1.125285367 43.20213515 0.004755744
151 41.91720973 1.136132145 42.69055911 0.00466537
152 41.41534858 1.147067779 42.18869796 0.004576839
153 40.92300306 1.158089754 41.69635244 0.004490134
154 40.43997574 1.169195627 41.21332513 0.004405238
155 39.96607132 1.180383029 40.7394207 0.00432213
156 39.50109679 1.191649665 40.27444617 0.004240788
157 39.04486165 1.202993309 39.81821104 0.004161188
158 38.59717806 1.214411802 39.37052744 0.004083305
159 38.15786097 1.225903054 38.93121036 0.004007112
160 37.72672825 1.237465036 38.50007764 0.003932583
161 37.30360079 1.249095785 38.07695017 0.003859689
162 36.88830256 1.260793398 37.66165194 0.003788401
163 36.4806607 1.272556032 37.25401008 0.00371869
164 36.08050557 1.284381898 36.85385495 0.003650526
165 35.68767077 1.296269268 36.46102015 0.003583879
166 35.30199319 1.308216464 36.07534257 0.003518719
167 34.92331301 1.320221862 35.69666239 0.003455015
168 34.5514737 1.332283889 35.32482308 0.003392737
169 45.1394576 1.072477924 45.91280698 0.005235607
170 44.57627357 1.082839903 45.34962295 0.005135885
171 44.02381809 1.093304514 44.79716747 0.005038039
172 43.48188732 1.103868838 44.2552367 0.004942069
173 42.95027759 1.11453004 43.72362697 0.004847973
174 42.42878577 1.125285367 43.20213515 0.004755744
175 41.91720973 1.136132145 42.69055911 0.00466537
176 41.41534858 1.147067779 42.18869796 0.004576839
177 40.92300306 1.158089754 41.69635244 0.004490134
178 40.43997574 1.169195627 41.21332513 0.004405238
179 39.96607132 1.180383029 40.7394207 0.00432213
180 39.50109679 1.191649665 40.27444617 0.004240788
181 39.04486165 1.202993309 39.81821104 0.004161188
182 38.59717806 1.214411802 39.37052744 0.004083305
183 38.15786097 1.225903054 38.93121036 0.004007112
184 37.72672825 1.237465036 38.50007764 0.003932583
185 37.30360079 1.249095785 38.07695017 0.003859689
186 36.88830256 1.260793398 37.66165194 0.003788401
187 36.4806607 1.272556032 37.25401008 0.00371869
188 36.08050557 1.284381898 36.85385495 0.003650526
189 35.68767077 1.296269268 36.46102015 0.003583879
190 35.30199319 1.308216464 36.07534257 0.003518719
191 34.92331301 1.320221862 35.69666239 0.003455015
192 34.5514737 1.332283889 35.32482308 0.003392737
193 45.1394576 1.072477924 45.91280698 0.005235607
194 44.57627357 1.082839903 45.34962295 0.005135885
195 44.02381809 1.093304514 44.79716747 0.005038039
196 43.48188732 1.103868838 44.2552367 0.004942069
197 42.95027759 1.11453004 43.72362697 0.004847973
198 42.42878577 1.125285367 43.20213515 0.004755744
199 41.91720973 1.136132145 42.69055911 0.00466537
200 41.41534858 1.147067779 42.18869796 0.004576839
201 40.92300306 1.158089754 41.69635244 0.004490134
202 40.43997574 1.169195627 41.21332513 0.004405238
203 39.96607132 1.180383029 40.7394207 0.00432213
204 39.50109679 1.191649665 40.27444617 0.004240788
205 39.04486165 1.202993309 39.81821104 0.004161188
206 38.59717806 1.214411802 39.37052744 0.004083305
207 38.15786097 1.225903054 38.93121036 0.004007112
208 37.72672825 1.237465036 38.50007764 0.003932583
209 37.30360079 1.249095785 38.07695017 0.003859689
210 36.88830256 1.260793398 37.66165194 0.003788401
211 36.4806607 1.272556032 37.25401008 0.00371869
212 36.08050557 1.284381898 36.85385495 0.003650526
213 35.68767077 1.296269268 36.46102015 0.003583879
214 35.30199319 1.308216464 36.07534257 0.003518719
215 34.92331301 1.320221862 35.69666239 0.003455015
216 34.5514737 1.332283889 35.32482308 0.003392737
217 45.1394576 1.072477924 45.91280698 0.005235607
218 44.57627357 1.082839903 45.34962295 0.005135885
219 44.02381809 1.093304514 44.79716747 0.005038039
220 43.48188732 1.103868838 44.2552367 0.004942069
221 42.95027759 1.11453004 43.72362697 0.004847973
222 42.42878577 1.125285367 43.20213515 0.004755744
223 41.91720973 1.136132145 42.69055911 0.00466537
224 41.41534858 1.147067779 42.18869796 0.004576839
225 40.92300306 1.158089754 41.69635244 0.004490134
226 40.43997574 1.169195627 41.21332513 0.004405238
227 39.96607132 1.180383029 40.7394207 0.00432213
228 39.50109679 1.191649665 40.27444617 0.004240788
229 39.04486165 1.202993309 39.81821104 0.004161188
230 38.59717806 1.214411802 39.37052744 0.004083305
231 38.15786097 1.225903054 38.93121036 0.004007112
232 37.72672825 1.237465036 38.50007764 0.003932583
233 37.30360079 1.249095785 38.07695017 0.003859689
234 36.88830256 1.260793398 37.66165194 0.003788401
235 36.4806607 1.272556032 37.25401008 0.00371869
236 36.08050557 1.284381898 36.85385495 0.003650526
237 35.68767077 1.296269268 36.46102015 0.003583879
238 35.30199319 1.308216464 36.07534257 0.003518719
239 34.92331301 1.320221862 35.69666239 0.003455015
240 34.5514737 1.332283889 35.32482308 0.003392737
241 45.1394576 1.072477924 45.91280698 0.005235607
242 44.57627357 1.082839903 45.34962295 0.005135885
243 44.02381809 1.093304514 44.79716747 0.005038039
244 43.48188732 1.103868838 44.2552367 0.004942069
245 42.95027759 1.11453004 43.72362697 0.004847973
246 42.42878577 1.125285367 43.20213515 0.004755744
247 41.91720973 1.136132145 42.69055911 0.00466537
248 41.41534858 1.147067779 42.18869796 0.004576839
249 40.92300306 1.158089754 41.69635244 0.004490134
250 40.43997574 1.169195627 41.21332513 0.004405238
251 39.96607132 1.180383029 40.7394207 0.00432213
252 39.50109679 1.191649665 40.27444617 0.004240788
253 39.04486165 1.202993309 39.81821104 0.004161188
254 38.59717806 1.214411802 39.37052744 0.004083305
255 38.15786097 1.225903054 38.93121036 0.004007112
256 37.72672825 1.237465036 38.50007764 0.003932583
257 37.30360079 1.249095785 38.07695017 0.003859689
258 36.88830256 1.260793398 37.66165194 0.003788401
259 36.4806607 1.272556032 37.25401008 0.00371869
260 36.08050557 1.284381898 36.85385495 0.003650526
261 35.68767077 1.296269268 36.46102015 0.003583879
262 35.30199319 1.308216464 36.07534257 0.003518719
263 34.92331301 1.320221862 35.69666239 0.003455015
264 34.5514737 1.332283889 35.32482308 0.003392737
265 45.1394576 1.072477924 45.91280698 0.005235607
266 44.57627357 1.082839903 45.34962295 0.005135885
267 44.02381809 1.093304514 44.79716747 0.005038039
268 43.48188732 1.103868838 44.2552367 0.004942069
269 42.95027759 1.11453004 43.72362697 0.004847973
270 42.42878577 1.125285367 43.20213515 0.004755744
271 41.91720973 1.136132145 42.69055911 0.00466537
272 41.41534858 1.147067779 42.18869796 0.004576839
273 40.92300306 1.158089754 41.69635244 0.004490134
274 40.43997574 1.169195627 41.21332513 0.004405238
275 39.96607132 1.180383029 40.7394207 0.00432213
276 39.50109679 1.191649665 40.27444617 0.004240788
277 39.04486165 1.202993309 39.81821104 0.004161188
278 38.59717806 1.214411802 39.37052744 0.004083305
279 38.15786097 1.225903054 38.93121036 0.004007112
280 37.72672825 1.237465036 38.50007764 0.003932583
281 37.30360079 1.249095785 38.07695017 0.003859689
282 36.88830256 1.260793398 37.66165194 0.003788401
283 36.4806607 1.272556032 37.25401008 0.00371869
284 36.08050557 1.284381898 36.85385495 0.003650526
285 35.68767077 1.296269268 36.46102015 0.003583879
286 35.30199319 1.308216464 36.07534257 0.003518719
287 34.92331301 1.320221862 35.69666239 0.003455015
288 34.5514737 1.332283889 35.32482308 0.003392737
BANK 90 240
1 101.8404981 0.845363411 78.15950191 0.007268442
2 100.8363805 0.842397853 79.16361946 0.007319707
3 99.82548129 0.839692803 80.17451871 0.007366943
4 98.8083668 0.837250786 81.1916332 0.00740998
5 97.78562618 0.835074109 82.21437382 0.00744866
6 96.75786938 0.833164852 83.24213062 0.007482837
7 95.72572528 0.831524857 84.27427472 0.007512383
8 94.68983946 0.830155719 85.31016054 0.007537183
9 93.65087202 0.829058781 86.34912798 0.007557141
10 92.60949505 0.828235124 87.39050495 0.00757218
11 91.56639014 0.827685564 88.43360986 0.007582238
12 90.5222457 0.827410647 89.4777543 0.007587278
13 89.4777543 0.827410647 89.4777543 0.007587278
14 88.43360986 0.827685564 88.43360986 0.007582238
15 87.39050495 0.828235124 87.39050495 0.00757218
16 86.34912798 0.829058781 86.34912798 0.007557141
17 85.31016054 0.830155719 85.31016054 0.007537183
18 84.27427472 0.831524857 84.27427472 0.007512383
19 83.24213062 0.833164852 83.24213062 0.007482837
20 82.21437382 0.835074109 82.21437382 0.00744866
21 81.1916332 0.837250786 81.1916332 0.00740998
22 80.17451871 0.839692803 80.17451871 0.007366943
23 79.16361946 0.842397853 79.16361946 0.007319707
24 78.15950191 0.845363411 78.15950191 0.007268442
25 101.8404981 0.845363411 78.15950191 0.007268442
26 100.8363805 0.842397853 79.16361946 0.007319707
27 99.82548129 0.839692803 80.17451871 0.007366943
28 98.8083668 0.837250786 81.1916332 0.00740998
29 97.78562618 0.835074109 82.21437382 0.00744866
30 96.75786938 0.833164852 83.24213062 0.007482837
31 95.72572528 0.831524857 84.27427472 0.007512383
32 94.68983946 0.830155719 85.31016054 0.007537183
33 93.65087202 0.829058781 86.34912798 0.007557141
34 92.60949505 0.828235124 87.39050495 0.00757218
35 91.56639014 0.827685564 88.43360986 0.007582238
36 90.5222457 0.827410647 89.4777543 0.007587278
37 89.4777543 0.827410647 89.4777543 0.007587278
38 88.43360986 0.827685564 88.43360986 0.007582238
39 87.39050495 0.828235124 87.39050495 0.00757218
40 86.34912798 0.829058781 86.34912798 0.007557141
41 85.31016054 0.830155719 85.31016054 0.007537183
42 84.27427472 0.831524857 84.27427472 0.007512383
43 83.24213062 0.833164852 83.24213062 0.007482837
44 82.21437382 0.835074109 82.21437382 0.00744866
45 81.1916332 0.837250786 81.1916332 0.00740998
46 80.17451871 0.839692803 80.17451871 0.007366943
47 79.16361946 0.842397853 79.16361946 0.007319707
48 78.15950191 0.845363411 78.15950191 0.007268442
49 101.8404981 0.845363411 78.15950191 0.007268442
50 100.8363805 0.842397853 79.16361946 0.007319707
51 99.82548129 0.839692803 80.17451871 0.007366943
52 98.8083668 0.837250786 81.1916332 0.00740998
53 97.78562618 0.835074109 82.21437382 0.00744866
54 96.75786938 0.833164852 83.24213062 0.007482837
55 95.72572528 0.831524857 84.27427472 0.007512383
56 94.68983946 0.830155719 85.31016054 0.007537183
57 93.65087202 0.829058781 86.34912798 0.007557141
58 92.60949505 0.828235124 87.39050495 0.00757218
59 91.56639014 0.827685564 88.43360986 0.007582238
60 90.5222457 0.827410647 89.4777543 0.007587278
61 89.4777543 0.827410647 89.4777543 0.007587278
62 88.43360986 0.827685564 88.43360986 0.007582238
63 87.39050495 0.828235124 87.39050495 0.00757218
64 86.34912798 0.829058781 86.34912798 0.007557141
65 85.31016054 0.830155719 85.31016054 0.007537183
66 84.27427472 0.831524857 84.27427472 0.007512383
67 83.24213062 0.833164852 83.24213062 0.007482837
68 82.21437382 0.835074109 82.21437382 0.00744866
69 81.1916332 0.837250786 81.1916332 0.00740998
70 80.17451871 0.839692803 80.17451871 0.007366943
71 79.16361946 0.842397853 79.16361946 0.007319707
72 78.15950191 0.845363411 78.15950191 0.007268442
73 101.8404981 0.845363411 78.15950191 0.007268442
74 100.8363805 0.842397853 79.16361946 0.007319707
75 99.82548129 0.839692803 80.17451871 0.007366943
76 98.8083668 0.837250786 81.1916332 0.00740998
77 97.78562618 0.835074109 82.21437382 0.00744866
78 96.75786938 0.833164852 83.24213062 0.007482837
79 95.72572528 0.831524857 84.27427472 0.007512383
80 94.68983946 0.830155719 85.31016054 0.007537183
81 93.65087202 0.829058781 86.34912798 0.007557141
82 92.60949505 0.828235124 87.39050495 0.00757218
83 91.56639014 0.827685564 88.43360986 0.007582238
84 90.5222457 0.827410647 89.4777543 0.007587278
85 89.4777543 0.827410647 89.4777543 0.007587278
86 88.43360986 0.827685564 88.43360986 0.007582238
87 87.39050495 0.828235124 87.39050495 0.00757218
88 86.34912798 0.829058781 86.34912798 0.007557141
89 85.31016054 0.830155719 85.31016054 0.007537183
90 84.27427472 0.831524857 84.27427472 0.007512383
91 83.24213062 0.833164852 83.24213062 0.007482837
92 82.21437382 0.835074109 82.21437382 0.00744866
93 81.1916332 0.837250786 81.1916332 0.00740998
94 80.17451871 0.839692803 80.17451871 0.007366943
95 79.16361946 0.842397853 79.16361946 0.007319707
96 78.15950191 0.845363411 78.15950191 0.007268442
97 101.8404981 0.845363411 78.15950191 0.007268442
98 100.8363805 0.842397853 79.16361946 0.007319707
99 99.82548129 0.839692803 80.17451871 0.007366943
100 98.8083668 0.837250786 81.1916332 0.00740998
101 97.78562618 0.835074109 82.21437382 0.00744866
102 96.75786938 0.833164852 83.24213062 0.007482837
103 95.72572528 0.831524857 84.27427472 0.007512383
104 94.68983946 0.830155719 85.31016054 0.007537183
105 93.65087202 0.829058781 86.34912798 0.007557141
106 92.60949505 0.828235124 87.39050495 0.00757218
107 91.56639014 0.827685564 88.43360986 0.007582238
108 90.5222457 0.827410647 89.4777543 0.007587278
109 89.4777543 0.827410647 89.4777543 0.007587278
110 88.43360986 0.827685564 88.43360986 0.007582238
111 87.39050495 0.828235124 87.39050495 0.00757218
112 86.34912798 0.829058781 86.34912798 0.007557141
113 85.31016054 0.830155719 85.31016054 0.007537183
114 84.27427472 0.831524857 84.27427472 0.007512383
115 83.24213062 0.833164852 83.24213062 0.007482837
116 82.21437382 0.835074109 82.21437382 0.00744866
117 81.1916332 0.837250786 81.1916332 0.00740998
118 80.17451871 0.839692803 80.17451871 0.007366943
119 79.16361946 0.842397853 79.16361946 0.007319707
120 78.15950191 0.845363411 78.15950191 0.007268442
121 101.8404981 0.845363411 78.15950191 0.007268442
122 100.8363805 0.842397853 79.16361946 0.007319707
123 99.82548129 0.839692803 80.17451871 0.007366943
124 98.8083668 0.837250786 81.1916332 0.00740998
125 97.78562618 0.835074109 82.21437382 0.00744866
126 96.75786938 0.833164852 83.24213062 0.007482837
127 95.72572528 0.831524857 84.27427472 0.007512383
128 94.68983946 0.830155719 85.31016054 0.007537183
129 93.65087202 0.829058781 86.34912798 0.007557141
130 92.60949505 0.828235124 87.39050495 0.00757218
131 91.56639014 0.827685564 88.43360986 0.007582238
132 90.5222457 0.827410647 89.4777543 0.007587278
133 89.4777543 0.827410647 89.4777543 0.007587278
134 88.43360986 0.827685564 88.43360986 0.007582238
135 87.39050495 0.828235124 87.39050495 0.00757218
136 86.34912798 0.829058781 86.34912798 0.007557141
137 85.31016054 0.830155719 85.31016054 0.007537183
138 84.27427472 0.831524857 84.27427472 0.007512383
139 83.24213062 0.833164852 83.24213062 0.007482837
140 82.21437382 0.835074109 82.21437382 0.00744866
141 81.1916332 0.837250786 81.1916332 0.00740998
142 80.17451871 0.839692803 80.17451871 0.007366943
143 79.16361946 0.842397853 79.16361946 0.007319707
144 78.15950191 0.845363411 78.15950191 0.007268442
145 101.8404981 0.845363411 78.15950191 0.007268442
146 100.8363805 0.842397853 79.16361946 0.007319707
147 99.82548129 0.839692803 80.17451871 0.007366943
148 98.8083668 0.837250786 81.1916332 0.00740998
149 97.78562618 0.835074109 82.21437382 0.00744866
150 96.75786938 0.833164852 83.24213062 0.007482837
151 95.72572528 0.831524857 84.27427472 0.007512383
152 94.68983946 0.830155719 85.31016054 0.007537183
153 93.65087202 0.829058781 86.34912798 0.007557141
154 92.60949505 0.828235124 87.39050495 0.00757218
155 91.56639014 0.827685564 88.43360986 0.007582238
156 90.5222457 0.827410647 89.4777543 0.007587278
157 89.4777543 0.827410647 89.4777543 0.007587278
158 88.43360986 0.827685564 88.43360986 0.007582238
159 87.39050495 0.828235124 87.39050495 0.00757218
160 86.34912798 0.829058781 86.34912798 0.007557141
161 85.31016054 0.830155719 85.31016054 0.007537183
162 84.27427472 0.831524857 84.27427472 0.007512383
163 83.24213062 0.833164852 83.24213062 0.007482837
164 82.21437382 0.835074109 82.21437382 0.00744866
165 81.1916332 0.837250786 81.1916332 0.00740998
166 80.17451871 0.839692803 80.17451871 0.007366943
167 79.16361946 0.842397853 79.16361946 0.007319707
168 78.15950191 0.845363411 78.15950191 0.007268442
169 101.8404981 0.845363411 78.15950191 0.007268442
170 100.8363805 0.842397853 79.16361946 0.007319707
171 99.82548129 0.839692803 80.17451871 0.007366943
172 98.8083668 0.837250786 81.1916332 0.00740998
173 97.78562618 0.835074109 82.21437382 0.00744866
174 96.75786938 0.833164852 83.24213062 0.007482837
175 95.72572528 0.831524857 84.27427472 0.007512383
176 94.68983946 0.830155719 85.31016054 0.007537183
177 93.65087202 0.829058781 86.34912798 0.007557141
178 92.60949505 0.828235124 87.39050495 0.00757218
179 91.56639014 0.827685564 88.43360986 0.007582238
180 90.5222457 0.827410647 89.4777543 0.007587278
181 89.4777543 0.827410647 89.4777543 0.007587278
182 88.43360986 0.827685564 88.43360986 0.007582238
183 87.39050495 0.828235124 87.39050495 0.00757218
184 86.34912798 0.829058781 86.34912798 0.007557141
185 85.31016054 0.830155719 85.31016054 0.007537183
186 84.27427472 0.831524857 84.27427472 0.007512383
187 83.24213062 0.833164852 83.24213062 0.007482837
188 82.21437382 0.835074109 82.21437382 0.00744866
189 81.1916332 0.837250786 81.1916332 0.00740998
190 80.17451871 0.839692803 80.17451871 0.007366943
191 79.16361946 0.842397853 79.16361946 0.007319707
192 78.15950191 0.845363411 78.15950191 0.007268442
193 101.8404981 0.845363411 78.15950191 0.007268442
194 100.8363805 0.842397853 79.16361946 0.007319707
195 99.82548129 0.839692803 80.17451871 0.007366943
196 98.8083668 0.837250786 81.1916332 0.00740998
197 97.78562618 0.835074109 82.21437382 0.00744866
198 96.75786938 0.833164852 83.24213062 0.007482837
199 95.72572528 0.831524857 84.27427472 0.007512383
200 94.68983946 0.830155719 85.31016054 0.007537183
201 93.65087202 0.829058781 86.34912798 0.007557141
202 92.60949505 0.828235124 87.39050495 0.00757218
203 91.56639014 0.827685564 88.43360986 0.007582238
204 90.5222457 0.827410647 89.4777543 0.007587278
205 89.4777543 0.827410647 89.4777543 0.007587278
206 88.43360986 0.827685564 88.43360986 0.007582238
207 87.39050495 0.828235124 87.39050495 0.00757218
208 86.34912798 0.829058781 86.34912798 0.007557141
209 85.31016054 0.830155719 85.31016054 0.007537183
210 84.27427472 0.831524857 84.27427472 0.007512383
211 83.24213062 0.833164852 83.24213062 0.007482837
212 82.21437382 0.835074109 82.21437382 0.00744866
213 81.1916332 0.837250786 81.1916332 0.00740998
214 80.17451871 0.839692803 80.17451871 0.007366943
215 79.16361946 0.842397853 79.16361946 0.007319707
216 78.15950191 0.845363411 78.15950191 0.007268442
217 101.8404981 0.845363411 78.15950191 0.007268442
218 100.8363805 0.842397853 79.16361946 0.007319707
219 99.82548129 0.839692803 80.17451871 0.007366943
220 98.8083668 0.837250786 81.1916332 0.00740998
221 97.78562618 0.835074109 82.21437382 0.00744866
222 96.75786938 0.833164852 83.24213062 0.007482837
223 95.72572528 0.831524857 84.27427472 0.007512383
224 94.68983946 0.830155719 85.31016054 0.007537183
225 93.65087202 0.829058781 86.34912798 0.007557141
226 92.60949505 0.828235124 87.39050495 0.00757218
227 91.56639014 0.827685564 88.43360986 0.007582238
228 90.5222457 0.827410647 89.4777543 0.007587278
229 89.4777543 0.827410647 89.4777543 0.007587278
230 88.43360986 0.827685564 88.43360986 0.007582238
231 87.39050495 0.828235124 87.39050495 0.00757218
232 86.34912798 0.829058781 86.34912798 0.007557141
233 85.31016054 0.830155719 85.31016054 0.007537183
234 84.27427472 0.831524857 84.27427472 0.007512383
235 83.24213062 0.833164852 83.24213062 0.007482837
236 82.21437382 0.835074109 82.21437382 0.00744866
237 81.1916332 0.837250786 81.1916332 0.00740998
238 80.17451871 0.839692803 80.17451871 0.007366943
239 79.16361946 0.842397853 79.16361946 0.007319707
240 78.15950191 0.845363411 78.15950191 0.007268442
BANK 150 192
1 143.9307098 1.194226585 53.93070979 0.006517218
2 143.2909369 1.204094744 53.29093686 0.006410832
3 142.6616422 1.214110581 52.66164219 0.006305495
4 142.0427186 1.224270473 52.04271857 0.006201274
5 141.4340526 1.234570862 51.43405263 0.006098228
6 140.8355255 1.245008261 50.83552546 0.005996409
7 140.2470132 1.255579254 50.24701321 0.005895864
8 139.6683877 1.266280495 49.66838772 0.005796634
9 139.099517 1.27710871 49.099517 0.005698755
10 138.5402658 1.288060696 48.5402658 0.005602257
11 137.990496 1.299133324 47.99049604 0.005507167
12 137.4500673 1.310323534 47.45006734 0.005413506
13 143.9307098 1.194226585 53.93070979 0.006517218
14 143.2909369 1.204094744 53.29093686 0.006410832
15 142.6616422 1.214110581 52.66164219 0.006305495
16 142.0427186 1.224270473 52.04271857 0.006201274
17 141.4340526 1.234570862 51.43405263 0.006098228
18 140.8355255 1.245008261 50.83552546 0.005996409
19 140.2470132 1.255579254 50.24701321 0.005895864
20 139.6683877 1.266280495 49.66838772 0.005796634
21 139.099517 1.27710871 49.099517 0.005698755
22 138.5402658 1.288060696 48.5402658 0.005602257
23 137.990496 1.299133324 47.99049604 0.005507167
24 137.4500673 1.310323534 47.45006734 0.005413506
25 143.9307098 1.194226585 53.93070979 0.006517218
26 143.2909369 1.204094744 53.29093686 0.006410832
27 142.6616422 1.214110581 52.66164219 0.006305495
28 142.0427186 1.224270473 52.04271857 0.006201274
29 141.4340526 1.234570862 51.43405263 0.006098228
30 140.8355255 1.245008261 50.83552546 0.005996409
31 140.2470132 1.255579254 50.24701321 0.005895864
32 139.6683877 1.266280495 49.66838772 0.005796634
33 139.099517 1.27710871 49.099517 0.005698755
34 138.5402658 1.288060696 48.5402658 0.005602257
35 137.990496 1.299133324 47.99049604 0.005507167
36 137.4500673 1.310323534 47.45006734 0.005413506
37 143.9307098 1.194226585 53.93070979 0.006517218
38 143.2909369 1.204094744 53.29093686 0.006410832
39 142.6616422 1.214110581 52.66164219 0.006305495
40 142.0427186 1.224270473 52.04271857 0.006201274
41 141.4340526 1.234570862 51.43405263 0.006098228
42 140.8355255 1.245008261 50.83552546 0.005996409
43 140.2470132 1.255579254 50.24701321 0.005895864
44 139.6683877 1.266280495 49.66838772 0.005796634
45 139.099517 1.27710871 49.099517 0.005698755
46 138.5402658 1.288060696 48.5402658 0.005602257
47 137.990496 1.299133324 47.99049604 0.005507167
48 137.4500673 1.310323534 47.45006734 0.005413506
49 143.9307098 1.194226585 53.93070979 0.006517218
50 143.2909369 1.204094744 53.29093686 0.006410832
51 142.6616422 1.214110581 52.66164219 0.006305495
52 142.0427186 1.224270473 52.04271857 0.006201274
53 141.4340526 1.234570862 51.43405263 0.006098228
54 140.8355255 1.245008261 50.83552546 0.005996409
55 140.2470132 1.255579254 50.24701321 0.005895864
56 139.6683877 1.266280495 49.66838772 0.005796634
57 139.099517 1.27710871 49.099517 0.005698755
58 138.5402658 1.288060696 48.5402658 0.005602257
59 137.990496 1.299133324 47.99049604 0.005507167
60 137.4500673 1.310323534 47.45006734 0.005413506
61 143.9307098 1.194226585 53.93070979 0.006517218
62 143.2909369 1.204094744 53.29093686 0.006410832
63 142.6616422 1.214110581 52.66164219 0.006305495
64 142.0427186 1.224270473 52.04271857 0.006201274
65 141.4340526 1.234570862 51.43405263 0.006098228
66 140.8355255 1.245008261 50.83552546 0.005996409
67 140.2470132 1.255579254 50.24701321 0.005895864
68 139.6683877 1.266280495 49.66838772 0.005796634
69 139.099517 1.27710871 49.099517 0.005698755
70 138.5402658 1.288060696 48.5402658 0.005602257
71 137.990496 1.299133324 47.99049604 0.005507167
72 137.4500673 1.310323534 47.45006734 0.005413506
73 143.9307098 1.194226585 53.93070979 0.006517218
74 143.2909369 1.204094744 53.29093686 0.006410832
75 142.6616422 1.214110581 52.66164219 0.006305495
76 142.0427186 1.224270473 52.04271857 0.006201274
77 141.4340526 1.234570862 51.43405263 0.006098228
78 140.8355255 1.245008261 50.83552546 0.005996409
79 140.2470132 1.255579254 50.24701321 0.005895864
80 139.6683877 1.266280495 49.66838772 0.005796634
81 139.099517 1.27710871 49.099517 0.005698755
82 138.5402658 1.288060696 48.5402658 0.005602257
83 137.990496 1.299133324 47.99049604 0.005507167
84 137.4500673 1.310323534 47.45006734 0.005413506
85 143.9307098 1.194226585 53.93070979 0.006517218
86 143.2909369 1.204094744 53.29093686 0.006410832
87 142.6616422 1.214110581 52.66164219 0.006305495
88 142.0427186 1.224270473 52.04271857 0.006201274
89 141.4340526 1.234570862 51.43405263 0.006098228
90 140.8355255 1.245008261 50.83552546 0.005996409
91 140.2470132 1.255579254 50.24701321 0.005895864
92 139.6683877 1.266280495 49.66838772 0.005796634
93 139.099517 1.27710871 49.099517 0.005698755
94 138.5402658 1.288060696 48.5402658 0.005602257
95 137.990496 1.299133324 47.99049604 0.005507167
96 137.4500673 1.310323534 47.45006734 0.005413506    
97 152.4571712 1.088685733 62.4571712 0.00570618
98 151.6861053 1.096480321 61.6861053 0.005625341
99 150.92606 1.104470666 60.92606002 0.005544242
100 150.1770625 1.112652552 60.17706251 0.005463002
101 149.4391241 1.121021784 59.43912406 0.005381736
102 148.7122409 1.129574198 58.71224092 0.005300551
103 147.9963953 1.138305666 57.99639527 0.005219546
104 147.291556 1.147212098 57.29155599 0.005138816
105 146.5976796 1.156289452 56.59767963 0.005058449
106 145.9147112 1.165533735 55.9147112 0.004978526
107 145.242585 1.174941006 55.24258502 0.004899124
108 144.5812256 1.184507381 54.58122557 0.00482031
109 152.4571712 1.088685733 62.4571712 0.00570618
110 151.6861053 1.096480321 61.6861053 0.005625341
111 150.92606 1.104470666 60.92606002 0.005544242
112 150.1770625 1.112652552 60.17706251 0.005463002
113 149.4391241 1.121021784 59.43912406 0.005381736
114 148.7122409 1.129574198 58.71224092 0.005300551
115 147.9963953 1.138305666 57.99639527 0.005219546
116 147.291556 1.147212098 57.29155599 0.005138816
117 146.5976796 1.156289452 56.59767963 0.005058449
118 145.9147112 1.165533735 55.9147112 0.004978526
119 145.242585 1.174941006 55.24258502 0.004899124
120 144.5812256 1.184507381 54.58122557 0.00482031
121 152.4571712 1.088685733 62.4571712 0.00570618
122 151.6861053 1.096480321 61.6861053 0.005625341
123 150.92606 1.104470666 60.92606002 0.005544242
124 150.1770625 1.112652552 60.17706251 0.005463002
125 149.4391241 1.121021784 59.43912406 0.005381736
126 148.7122409 1.129574198 58.71224092 0.005300551
127 147.9963953 1.138305666 57.99639527 0.005219546
128 147.291556 1.147212098 57.29155599 0.005138816
129 146.5976796 1.156289452 56.59767963 0.005058449
130 145.9147112 1.165533735 55.9147112 0.004978526
131 145.242585 1.174941006 55.24258502 0.004899124
132 144.5812256 1.184507381 54.58122557 0.00482031
133 152.4571712 1.088685733 62.4571712 0.00570618
134 151.6861053 1.096480321 61.6861053 0.005625341
135 150.92606 1.104470666 60.92606002 0.005544242
136 150.1770625 1.112652552 60.17706251 0.005463002
137 149.4391241 1.121021784 59.43912406 0.005381736
138 148.7122409 1.129574198 58.71224092 0.005300551
139 147.9963953 1.138305666 57.99639527 0.005219546
140 147.291556 1.147212098 57.29155599 0.005138816
141 146.5976796 1.156289452 56.59767963 0.005058449
142 145.9147112 1.165533735 55.9147112 0.004978526
143 145.242585 1.174941006 55.24258502 0.004899124
144 144.5812256 1.184507381 54.58122557 0.00482031
145 152.4571712 1.088685733 62.4571712 0.00570618
146 151.6861053 1.096480321 61.6861053 0.005625341
147 150.92606 1.104470666 60.92606002 0.005544242
148 150.1770625 1.112652552 60.17706251 0.005463002
149 149.4391241 1.121021784 59.43912406 0.005381736
150 148.7122409 1.129574198 58.71224092 0.005300551
151 147.9963953 1.138305666 57.99639527 0.005219546
152 147.291556 1.147212098 57.29155599 0.005138816
153 146.5976796 1.156289452 56.59767963 0.005058449
154 145.9147112 1.165533735 55.9147112 0.004978526
155 145.242585 1.174941006 55.24258502 0.004899124
156 144.5812256 1.184507381 54.58122557 0.00482031
157 152.4571712 1.088685733 62.4571712 0.00570618
158 151.6861053 1.096480321 61.6861053 0.005625341
159 150.92606 1.104470666 60.92606002 0.005544242
160 150.1770625 1.112652552 60.17706251 0.005463002
161 149.4391241 1.121021784 59.43912406 0.005381736
162 148.7122409 1.129574198 58.71224092 0.005300551
163 147.9963953 1.138305666 57.99639527 0.005219546
164 147.291556 1.147212098 57.29155599 0.005138816
165 146.5976796 1.156289452 56.59767963 0.005058449
166 145.9147112 1.165533735 55.9147112 0.004978526
167 145.242585 1.174941006 55.24258502 0.004899124
168 144.5812256 1.184507381 54.58122557 0.00482031
169 152.4571712 1.088685733 62.4571712 0.00570618
170 151.6861053 1.096480321 61.6861053 0.005625341
171 150.92606 1.104470666 60.92606002 0.005544242
172 150.1770625 1.112652552 60.17706251 0.005463002
173 149.4391241 1.121021784 59.43912406 0.005381736
174 148.7122409 1.129574198 58.71224092 0.005300551
175 147.9963953 1.138305666 57.99639527 0.005219546
176 147.291556 1.147212098 57.29155599 0.005138816
177 146.5976796 1.156289452 56.59767963 0.005058449
178 145.9147112 1.165533735 55.9147112 0.004978526
179 145.242585 1.174941006 55.24258502 0.004899124
180 144.5812256 1.184507381 54.58122557 0.00482031
181 152.4571712 1.088685733 62.4571712 0.00570618
182 151.6861053 1.096480321 61.6861053 0.005625341
183 150.92606 1.104470666 60.92606002 0.005544242
184 150.1770625 1.112652552 60.17706251 0.005463002
185 149.4391241 1.121021784 59.43912406 0.005381736
186 148.7122409 1.129574198 58.71224092 0.005300551
187 147.9963953 1.138305666 57.99639527 0.005219546
188 147.291556 1.147212098 57.29155599 0.005138816
189 146.5976796 1.156289452 56.59767963 0.005058449
190 145.9147112 1.165533735 55.9147112 0.004978526
191 145.242585 1.174941006 55.24258502 0.004899124
192 144.5812256 1.184507381 54.58122557 0.00482031    
