  0  3
  1  1 20  1  4865
  2  0  0  0 17249
  3  1 20  8  5313
  1  0
  2 38
  1  0  0  0     0
  2  0  0  0     0
  3  0  0  0     0
  4  0  0  0     0
  5  0  0  0     0
  6  0  0  0     0
  7  0  0  0     0
  8  0  0  0     0
  9  0  0  0     0
 10  0  0  0     0
 11  0  0  0     0
 12  0  0  0     0
 13  0  0  0     0
 14  2 17  3 12417
 15  0  0  0     0
 16  2 17  4 12481
 17  0  0  0     0
 18  2 18  1 12545
 19  0  0  0     0
 20  2 18  2 12609
 21  0  0  0     0
 22  2 18  3 12673
 23  0  0  0     0
 24  2 18  4 12737
 25  0  0  0     0
 26  2 19  1 12801
 27  0  0  0     0
 28  2 19  2 12865
 29  0  0  0     0
 30  2 19  3 12929
 31  0  0  0     0
 32  2 19  4 12993
 33  0  0  0     0
 34  2 20  1 13057
 35  0  0  0     0
 36  2 20  2 13121
 37  0  0  0     0
 38  2 20  3 13185
  3 38
  1  1 10  3  2433
  2  1 10  4  2497
  3  1 11  1  2561
  4  1 11  2  2625
  5  1 11  3  2689
  6  1 11  4  2753
  7  1 12  1  2817
  8  1 12  2  2881
  9  1 12  3  2945
 10  1 12  4  3009
 11  1 13  1  3073
 12  1 13  2  3137
 13  1 13  3  3201
 14  1 13  4  3265
 15  1 14  1  3329
 16  1 14  2  3393
 17  1 14  3  3457
 18  1 14  4  3521
 19  1 15  1  3585
 20  1 15  2  3649
 21  1 15  3  3713
 22  1 15  4  3777
 23  1 16  1  3841
 24  1 16  2  3905
 25  1 16  3  3969
 26  1 16  4  4033
 27  1 17  1  4097
 28  1 17  2  4161
 29  1 17  3  4225
 30  1 17  4  4289
 31  1 18  1  4353
 32  1 18  2  4417
 33  1 18  3  4481
 34  1 18  4  4545
 35  1 19  1  4609
 36  1 19  2  4673
 37  1 19  3  4737
 38  1 19  4  4801
  4 38
  1  1  1  1     1
  2  1  1  2    65
  3  1  1  3   129
  4  1  1  4   193
  5  1  2  1   257
  6  1  2  2   321
  7  1  2  3   385
  8  1  2  4   449
  9  1  3  1   513
 10  1  3  2   577
 11  1  3  3   641
 12  1  3  4   705 
 13  1  4  1   769
 14  1  4  2   833
 15  1  4  3   897
 16  1  4  4   961
 17  1  5  1  1025
 18  1  5  2  1089 
 19  1  5  3  1153
 20  1  5  4  1217
 21  1  6  1  1281
 22  1  6  2  1345
 23  1  6  3  1409
 24  1  6  4  1473
 25  1  7  1  1537
 26  1  7  2  1601
 27  1  7  3  1665
 28  1  7  4  1729
 29  1  8  1  1793
 30  1  8  2  1857
 31  1  8  3  1921
 32  1  8  4  1985
 33  1  9  1  2049
 34  1  9  2  2113
 35  1  9  3  2177
 36  1  9  4  2241
 37  1 10  1  2305
 38  1 10  2  2369
  5 47
  1  2  1  1  8193
  2  2  1  2  8257
  3  2  1  3  8321
  4  2  1  4  8385
  5  2  2  1  8449
  6  2  2  2  8513
  7  2  2  3  8577
  8  2  2  4  8641
  9  2  3  1  8705
 10  2  3  2  8769
 11  2  3  3  8833
 12  2  3  4  8897
 13  2  4  1  8961
 14  2  4  2  9025
 15  2  4  3  9089
 16  2  4  4  9153
 17  2  5  1  9217
 18  2  5  2  9281
 19  2  5  3  9345
 20  2  5  4  9409
 21  2  6  1  9473
 22  2  6  2  9537
 23  2  6  3  9601
 24  2  6  4  9665
 25  3 15  1 19969
 26  3 15  2 20033
 27  3 15  3 20097
 28  3 15  4 20161
 29  3 16  1 20225
 30  3 16  2 20289
 31  3 16  3 20353
 32  3 16  4 20417
 33  3 17  1 20481
 34  3 17  2 20545
 35  3 17  3 20609
 36  3 17  4 20673
 37  3 18  1 20737
 38  3 18  2 20801
 39  3 18  3 20865
 40  3 18  4 20929
 41  3 19  1 20993
 42  3 19  2 21057
 43  3 19  3 21121
 44  3 19  4 21185
 45  3 20  1 21249
 46  3 20  2 21313
 47  3 20  3 21377
  6 53
  1  3  1  1 16385
  2  3  1  2 16449
  3  3  1  3 16513
  4  3  1  4 16577
  5  3  2  1 16641
  6  3  2  2 16705
  7  3  2  3 16769
  8  3  2  4 16833
  9  3  3  1 16897
 10  3  3  2 16961
 11  3  3  3 17025
 12  3  3  4 17089
 13  3  4  1 17153
 14  3  4  2 17217
 15  3  4  3 17281
 16  3  4  4 17345
 17  3  5  1 17409
 18  3  5  2 17473
 19  3  5  3 17537
 20  3  5  4 17601
 21  3  6  1 17665
 22  3  6  2 17729
 23  3  6  3 17793
 24  3  6  4 17857
 25  3  7  1 17921
 26  3  7  2 17985
 27  3  7  3 18049
 28  3  7  4 18113
 29  3  8  1 18177
 30  3  8  2 18241
 31  3  8  3 18305
 32  3  8  4 18369
 33  3  9  1 18433
 34  3  9  2 18497
 35  3  9  3 18561
 36  3  9  4 18625
 37  3 10  1 18689
 38  3 10  2 18753
 39  3 10  3 18817
 40  3 10  4 18881
 41  3 11  1 18945
 42  3 11  2 19009
 43  3 11  3 19073
 44  3 11  4 19137
 45  3 12  1 19201
 46  3 12  2 19265
 47  3 12  3 19329
 48  3 12  4 19393
 49  3 13  1 19457
 50  3 13  2 19521
 51  3 13  3 19585
 52  3 13  4 19649
 53  3 14  1 19713
  7 42
  1  2  7  1  9729
  2  2  7  2  9793
  3  2  7  3  9857
  4  2  7  4  9921
  5  2  8  1  9985
  6  2  8  2 10049
  7  2  8  3 10113
  8  2  8  4 10177
  9  2  9  1 10241
 10  2  9  2 10305
 11  2  9  3 10369
 12  2  9  4 10433
 13  2 10  1 10497
 14  2 10  2 10561
 15  2 10  3 10625
 16  2 10  4 10689
 17  2 11  1 10753
 18  2 11  2 10817
 19  2 11  3 10881
 20  2 11  4 10945
 21  2 12  1 11009
 22  2 12  2 11073
 23  2 12  3 11137
 24  2 12  4 11201
 25  2 13  1 11265
 26  2 13  2 11329
 27  2 13  3 11393
 28  2 13  4 11457
 29  2 14  1 11521
 30  2 14  2 11585
 31  2 14  3 11649
 32  2 14  4 11713
 33  2 15  1 11777
 34  2 15  2 11841
 35  2 15  3 11905
 36  2 15  4 11969
 37  2 16  1 12033
 38  2 16  2 12097
 39  2 16  3 12161
 40  2 16  4 12225
 41  2 17  1 12289
 42  2 17  2 12353
  8  0
  9  0
 10  0
