# lines starting with "#" are comments;
#    7			! MAXB
#    1			! MONI
#    0			! MONT
#    3			! MONP
#    2                   ! TM_OPT
# 0.00425   1		! DNFRACT
#    0			! MSKIPU
#
#############################################################################
#  Start of bad detector list.  Each entry in this line represents a
#  bank, 1-10.  The number at each position is the number of bad
#  detectors in that bank; i.e., a 2 in position 3 means that there are
#  two bad detectors in bank 3.
# 0  2  2  1  7  27  2  0  0  0
# list of bad detectors for each none zero entry above;
# 18 34  
# 24 30 
# 24
# 7 10 13 14 15 16 27 
# 1 2 3 7 8 9 10 11 12 13 14 15 16 17 18 19 20 21 22 23 24 25 26 30 33 48 51
# 10 32
#############################################################################
# list of ISAW GLAD data groups corresponding to the bad detectors listed above:
47 48 104 110 140 141 142 143 152 153 154 155 162 163 164 165 166 167 168 169 170 171 172 173 174 175 176 177 245 246 247 314 315 346 347 362 365 366 367 368 369 370 371 372 373 374 375 376 377 378 379 380 381 382 383 384 385 386 387 388 389 390 391 392 393 420 421 422 423 424 425 426 427 428 429 430 431 432 433 434 435 436 437 438 439 440 441 442 443 444 445 446 447 448 449 450 451 452 453 454 455 456 457 458 459 460 461 462 463 464 465 466 467 468 469 470 471 472 473 474 475 476 477 478 479 480 481 482 483 484 485 486 487 488 489 490 491 492 493 494 495 496 497 498 499 500 501 502 503 504 505 506 507 508 509 510 511 512 513 514 515 516 517 518 519 520 521 522 523 524 525 526 527 528 529 530 531 532 533 534 535 536 537 538 539 540 541 542 543 544 545 546 547 548 549 550 551 552 553 554 555 556 557 558 559 560 561 562 563 564 565 566 567 568 569 570 571 572 573 574 575 576 577 578 579 580 581 582 583 584 585 618 619 620 621 622 623 624 625 626 627 646 647 648 649 650 651 652 653 654 757 758 759 760 761 762 775 776 777 778 779 780 800 801 802 803 804
