51  37  (Number of Rows and Columns)
  mu_R\th   0.00     2.50     5.00     7.50    10.00    12.50    15.00    17.50    20.00    22.50    25.00    27.50    30.00    32.50    35.00    37.50    40.00    42.50    45.00    47.50    50.00    52.50    55.00    57.50    60.00    62.50    65.00    67.50    70.00    72.50    75.00    77.50    80.00    82.50    85.00    87.50    90.00  
   0.00   1.0000   1.0000   1.0000   1.0000   1.0000   1.0000   1.0000   1.0000   1.0000   1.0000   1.0000   1.0000   1.0000   1.0000   1.0000   1.0000   1.0000   1.0000   1.0000   1.0000   1.0000   1.0000   1.0000   1.0000   1.0000   1.0000   1.0000   1.0000   1.0000   1.0000   1.0000   1.0000   1.0000   1.0000   1.0000   1.0000   1.0000
   0.05   1.0777   1.0777   1.0777   1.0777   1.0777   1.0776   1.0776   1.0776   1.0776   1.0776   1.0775   1.0775   1.0775   1.0774   1.0774   1.0774   1.0773   1.0773   1.0772   1.0772   1.0771   1.0771   1.0770   1.0770   1.0769   1.0769   1.0769   1.0768   1.0768   1.0767   1.0767   1.0767   1.0767   1.0766   1.0766   1.0766   1.0766
   0.10   1.1610   1.1609   1.1609   1.1609   1.1609   1.1608   1.1607   1.1607   1.1606   1.1605   1.1603   1.1602   1.1601   1.1599   1.1597   1.1596   1.1594   1.1592   1.1590   1.1588   1.1586   1.1584   1.1582   1.1580   1.1578   1.1576   1.1574   1.1572   1.1571   1.1569   1.1568   1.1567   1.1566   1.1565   1.1564   1.1564   1.1564
   0.15   1.2502   1.2502   1.2501   1.2500   1.2499   1.2498   1.2496   1.2494   1.2492   1.2489   1.2487   1.2483   1.2480   1.2476   1.2472   1.2468   1.2464   1.2459   1.2454   1.2449   1.2445   1.2440   1.2435   1.2430   1.2425   1.2421   1.2416   1.2412   1.2409   1.2405   1.2402   1.2399   1.2397   1.2395   1.2394   1.2393   1.2393
   0.20   1.3457   1.3457   1.3456   1.3455   1.3453   1.3450   1.3447   1.3443   1.3439   1.3434   1.3428   1.3422   1.3415   1.3408   1.3400   1.3392   1.3384   1.3375   1.3367   1.3358   1.3348   1.3339   1.3330   1.3321   1.3312   1.3304   1.3296   1.3288   1.3281   1.3274   1.3268   1.3263   1.3259   1.3256   1.3253   1.3252   1.3251
   0.25   1.4480   1.4480   1.4478   1.4476   1.4472   1.4468   1.4462   1.4456   1.4448   1.4440   1.4430   1.4420   1.4409   1.4397   1.4384   1.4371   1.4357   1.4343   1.4328   1.4313   1.4298   1.4283   1.4267   1.4253   1.4238   1.4224   1.4211   1.4198   1.4187   1.4176   1.4167   1.4158   1.4151   1.4146   1.4142   1.4140   1.4139
   0.30   1.5574   1.5573   1.5571   1.5567   1.5562   1.5555   1.5546   1.5536   1.5524   1.5511   1.5497   1.5481   1.5463   1.5445   1.5425   1.5405   1.5384   1.5362   1.5339   1.5316   1.5293   1.5270   1.5247   1.5225   1.5203   1.5182   1.5162   1.5143   1.5126   1.5110   1.5096   1.5083   1.5073   1.5065   1.5059   1.5055   1.5054
   0.35   1.6744   1.6743   1.6739   1.6734   1.6726   1.6715   1.6703   1.6688   1.6671   1.6651   1.6630   1.6607   1.6581   1.6555   1.6526   1.6496   1.6466   1.6434   1.6401   1.6369   1.6336   1.6303   1.6270   1.6238   1.6207   1.6177   1.6149   1.6122   1.6097   1.6075   1.6054   1.6037   1.6022   1.6011   1.6002   1.5997   1.5995
   0.40   1.7994   1.7993   1.7988   1.7980   1.7968   1.7954   1.7936   1.7915   1.7890   1.7863   1.7833   1.7800   1.7765   1.7728   1.7688   1.7647   1.7604   1.7560   1.7515   1.7470   1.7425   1.7380   1.7335   1.7292   1.7249   1.7209   1.7170   1.7134   1.7100   1.7069   1.7042   1.7018   1.6998   1.6983   1.6971   1.6964   1.6962
   0.45   1.9330   1.9327   1.9321   1.9310   1.9294   1.9274   1.9249   1.9220   1.9187   1.9150   1.9109   1.9065   1.9017   1.8966   1.8913   1.8858   1.8800   1.8741   1.8682   1.8622   1.8561   1.8502   1.8443   1.8385   1.8329   1.8276   1.8225   1.8177   1.8133   1.8093   1.8057   1.8026   1.8000   1.7980   1.7965   1.7956   1.7953
   0.50   2.0755   2.0752   2.0743   2.0728   2.0707   2.0680   2.0648   2.0609   2.0565   2.0516   2.0461   2.0403   2.0340   2.0273   2.0203   2.0130   2.0055   1.9979   1.9901   1.9823   1.9745   1.9668   1.9592   1.9518   1.9447   1.9378   1.9313   1.9252   1.9196   1.9145   1.9099   1.9060   1.9027   1.9001   1.8982   1.8970   1.8966
   0.55   2.2276   2.2272   2.2260   2.2241   2.2213   2.2178   2.2135   2.2085   2.2027   2.1963   2.1893   2.1816   2.1735   2.1649   2.1559   2.1466   2.1370   2.1273   2.1174   2.1075   2.0977   2.0879   2.0784   2.0690   2.0601   2.0515   2.0433   2.0357   2.0287   2.0223   2.0166   2.0117   2.0076   2.0044   2.0020   2.0006   2.0001
   0.60   2.3898   2.3893   2.3878   2.3852   2.3817   2.3771   2.3716   2.3651   2.3578   2.3496   2.3406   2.3309   2.3206   2.3097   2.2983   2.2866   2.2746   2.2624   2.2501   2.2378   2.2255   2.2134   2.2016   2.1901   2.1791   2.1685   2.1585   2.1492   2.1406   2.1327   2.1258   2.1198   2.1148   2.1108   2.1079   2.1062   2.1056
   0.65   2.5626   2.5620   2.5601   2.5568   2.5523   2.5465   2.5395   2.5314   2.5221   2.5117   2.5004   2.4883   2.4754   2.4618   2.4477   2.4332   2.4183   2.4033   2.3881   2.3730   2.3581   2.3433   2.3289   2.3150   2.3016   2.2888   2.2767   2.2654   2.2550   2.2456   2.2373   2.2301   2.2240   2.2193   2.2158   2.2137   2.2130
   0.70   2.7467   2.7459   2.7435   2.7394   2.7337   2.7265   2.7177   2.7075   2.6959   2.6831   2.6691   2.6540   2.6381   2.6214   2.6041   2.5864   2.5683   2.5500   2.5316   2.5133   2.4953   2.4775   2.4603   2.4435   2.4275   2.4122   2.3978   2.3844   2.3721   2.3609   2.3510   2.3424   2.3352   2.3296   2.3255   2.3230   2.3222
   0.75   2.9427   2.9417   2.9386   2.9336   2.9265   2.9176   2.9067   2.8941   2.8798   2.8640   2.8468   2.8284   2.8090   2.7887   2.7678   2.7463   2.7245   2.7025   2.6805   2.6587   2.6371   2.6160   2.5955   2.5757   2.5567   2.5387   2.5218   2.5060   2.4915   2.4784   2.4667   2.4567   2.4483   2.4417   2.4369   2.4340   2.4330
   0.80   3.1512   3.1499   3.1462   3.1399   3.1313   3.1202   3.1069   3.0915   3.0740   3.0548   3.0339   3.0117   2.9882   2.9638   2.9387   2.9130   2.8870   2.8608   2.8348   2.8089   2.7835   2.7587   2.7346   2.7114   2.6892   2.6682   2.6484   2.6301   2.6132   2.5980   2.5845   2.5728   2.5631   2.5554   2.5499   2.5465   2.5454
   0.85   3.3728   3.3713   3.3667   3.3591   3.3485   3.3351   3.3189   3.3002   3.2791   3.2558   3.2307   3.2040   3.1760   3.1469   3.1170   3.0865   3.0558   3.0250   2.9944   2.9641   2.9344   2.9055   2.8775   2.8506   2.8249   2.8005   2.7777   2.7565   2.7371   2.7196   2.7041   2.6907   2.6795   2.6707   2.6644   2.6605   2.6592
   0.90   3.6083   3.6065   3.6009   3.5917   3.5789   3.5627   3.5431   3.5206   3.4953   3.4674   3.4375   3.4057   3.3724   3.3380   3.3028   3.2670   3.2310   3.1950   3.1593   3.1242   3.0898   3.0564   3.0240   2.9931   2.9635   2.9356   2.9095   2.8853   2.8631   2.8431   2.8255   2.8102   2.7975   2.7875   2.7802   2.7758   2.7744
   0.95   3.8584   3.8562   3.8495   3.8384   3.8230   3.8035   3.7801   3.7532   3.7230   3.6899   3.6544   3.6169   3.5777   3.5373   3.4961   3.4544   3.4125   3.3708   3.3296   3.2891   3.2495   3.2112   3.1742   3.1388   3.1051   3.0734   3.0437   3.0163   2.9911   2.9685   2.9485   2.9313   2.9169   2.9056   2.8974   2.8924   2.8907
   1.00   4.1239   4.1212   4.1132   4.0999   4.0815   4.0582   4.0304   3.9984   3.9626   3.9236   3.8818   3.8378   3.7920   3.7449   3.6970   3.6487   3.6003   3.5523   3.5050   3.4586   3.4135   3.3698   3.3278   3.2877   3.2496   3.2137   3.1803   3.1493   3.1210   3.0956   3.0731   3.0538   3.0377   3.0249   3.0157   3.0102   3.0083
   1.05   4.4054   4.4022   4.3927   4.3769   4.3550   4.3274   4.2945   4.2567   4.2146   4.1688   4.1199   4.0686   4.0154   3.9608   3.9055   3.8499   3.7945   3.7396   3.6856   3.6329   3.5817   3.5322   3.4848   3.4396   3.3968   3.3565   3.3190   3.2843   3.2527   3.2243   3.1992   3.1776   3.1597   3.1455   3.1352   3.1290   3.1269
   1.10   4.7038   4.7000   4.6887   4.6700   4.6442   4.6116   4.5728   4.5285   4.4792   4.4258   4.3689   4.3094   4.2479   4.1851   4.1217   4.0581   3.9948   3.9324   3.8713   3.8117   3.7539   3.6983   3.6451   3.5944   3.5466   3.5017   3.4598   3.4213   3.3861   3.3546   3.3267   3.3027   3.2828   3.2671   3.2557   3.2488   3.2465
   1.15   5.0199   5.0155   5.0021   4.9801   4.9497   4.9115   4.8661   4.8142   4.7569   4.6948   4.6291   4.5605   4.4898   4.4179   4.3455   4.2731   4.2014   4.1309   4.0619   3.9949   3.9302   3.8680   3.8086   3.7521   3.6989   3.6490   3.6027   3.5600   3.5211   3.4863   3.4555   3.4291   3.4071   3.3897   3.3772   3.3696   3.3670
   1.20   5.3546   5.3494   5.3337   5.3078   5.2723   5.2276   5.1746   5.1144   5.0479   4.9763   4.9006   4.8218   4.7411   4.6591   4.5769   4.4950   4.4141   4.3348   4.2575   4.1825   4.1103   4.0411   3.9751   3.9126   3.8537   3.7986   3.7475   3.7004   3.6577   3.6193   3.5855   3.5565   3.5324   3.5133   3.4995   3.4912   3.4884
   1.25   5.7086   5.7025   5.6842   5.6540   5.6125   5.5605   5.4990   5.4293   5.3526   5.2703   5.1835   5.0936   5.0017   4.9089   4.8159   4.7237   4.6329   4.5441   4.4578   4.3744   4.2942   4.2175   4.1446   4.0756   4.0108   3.9502   3.8941   3.8425   3.7957   3.7537   3.7167   3.6850   3.6586   3.6378   3.6227   3.6136   3.6106
   1.30   6.0830   6.0758   6.0545   6.0194   5.9712   5.9109   5.8399   5.7595   5.6714   5.5771   5.4782   5.3760   5.2719   5.1671   5.0625   4.9592   4.8577   4.7587   4.6628   4.5704   4.4818   4.3972   4.3170   4.2412   4.1701   4.1038   4.0424   3.9861   3.9350   3.8893   3.8490   3.8144   3.7857   3.7631   3.7467   3.7367   3.7334
   1.35   6.4785   6.4702   6.4455   6.4047   6.3489   6.2794   6.1976   6.1053   6.0045   5.8970   5.7846   5.6690   5.5516   5.4338   5.3167   5.2013   5.0883   4.9786   4.8725   4.7705   4.6729   4.5800   4.4921   4.4092   4.3316   4.2593   4.1924   4.1312   4.0757   4.0260   3.9823   3.9448   3.9136   3.8891   3.8713   3.8606   3.8570
   1.40   6.8962   6.8866   6.8579   6.8109   6.7465   6.6665   6.5726   6.4672   6.3523   6.2302   6.1030   5.9726   5.8408   5.7089   5.5783   5.4500   5.3248   5.2035   5.0866   4.9745   4.8675   4.7659   4.6698   4.5795   4.4951   4.4165   4.3440   4.2777   4.2175   4.1638   4.1165   4.0760   4.0424   4.0158   3.9966   3.9850   3.9811
   1.45   7.3369   7.3258   7.2928   7.2386   7.1647   7.0729   6.9656   6.8454   6.7149   6.5768   6.4334   6.2870   6.1394   5.9924   5.8473   5.7051   5.5669   5.4334   5.3050   5.1823   5.0654   4.9546   4.8502   4.7521   4.6605   4.5755   4.4971   4.4254   4.3606   4.3026   4.2517   4.2080   4.1718   4.1432   4.1225   4.1100   4.1058
   1.50   7.8017   7.7890   7.7510   7.6888   7.6041   7.4992   7.3769   7.2404   7.0928   6.9370   6.7760   6.6121   6.4476   6.2842   6.1235   5.9667   5.8147   5.6682   5.5277   5.3938   5.2665   5.1462   5.0330   4.9268   4.8279   4.7361   4.6516   4.5745   4.5047   4.4424   4.3877   4.3408   4.3019   4.2712   4.2490   4.2356   4.2311
   1.55   8.2915   8.2769   8.2334   8.1622   8.0654   7.9459   7.8071   7.6526   7.4860   7.3110   7.1307   6.9480   6.7652   6.5843   6.4070   6.2345   6.0678   5.9077   5.7546   5.6088   5.4708   5.3405   5.2181   5.1036   4.9970   4.8983   4.8075   4.7247   4.6499   4.5831   4.5245   4.4743   4.4326   4.3998   4.3760   4.3616   4.3568
   1.60   8.8075   8.7907   8.7410   8.6597   8.5495   8.4137   8.2565   8.0821   7.8949   7.6989   7.4977   7.2946   7.0922   6.8926   6.6976   6.5085   6.3263   6.1518   5.9854   5.8274   5.6780   5.5374   5.4055   5.2823   5.1678   5.0620   4.9647   4.8760   4.7960   4.7246   4.6621   4.6084   4.5639   4.5289   4.5035   4.4881   4.4830
   1.65   9.3505   9.3314   9.2747   9.1822   9.0570   8.9032   8.7257   8.5295   8.3196   8.1008   7.8770   7.6519   7.4285   7.2089   6.9951   6.7885   6.5901   6.4004   6.2201   6.0493   5.8882   5.7368   5.5951   5.4629   5.3403   5.2270   5.1231   5.0285   4.9431   4.8670   4.8003   4.7432   4.6958   4.6585   4.6314   4.6150   4.6095
   1.70   9.9216   9.8999   9.8354   9.7304   9.5886   9.4149   9.2150   8.9949   8.7604   8.5167   8.2686   8.0199   7.7740   7.5332   7.2996   7.0744   6.8588   6.6534   6.4585   6.2744   6.1011   5.9386   5.7867   5.6453   5.5143   5.3935   5.2827   5.1819   5.0910   5.0101   4.9392   4.8785   4.8282   4.7885   4.7598   4.7424   4.7365
   1.75  10.5220  10.4973  10.4242  10.3053  10.1450   9.9493   9.7248   9.4786   9.2172   8.9468   8.6724   8.3986   8.1286   7.8653   7.6107   7.3661   7.1326   6.9106   6.7006   6.5027   6.3168   6.1427   5.9804   5.8295   5.6898   5.5612   5.4434   5.3363   5.2398   5.1540   5.0788   5.0144   4.9610   4.9190   4.8885   4.8701   4.8639
   1.80  11.1527  11.1248  11.0420  10.9076  10.7269  10.5070  10.2556   9.9809   9.6904   9.3910   9.0885   8.7877   8.4923   8.2052   7.9284   7.6634   7.4111   7.1720   6.9463   6.7340   6.5350   6.3491   6.1759   6.0152   5.8667   5.7301   5.6051   5.4916   5.3894   5.2985   5.2189   5.1508   5.0944   5.0498   5.0176   4.9981   4.9915
   1.85  11.8148  11.7832  11.6898  11.5383  11.3351  11.0885  10.8077  10.5020  10.1800   9.8494   9.5168   9.1873   8.8649   8.5526   8.2526   7.9662   7.6943   7.4373   7.1953   6.9681   6.7557   6.5575   6.3733   6.2026   6.0450   5.9002   5.7679   5.6478   5.5397   5.4437   5.3596   5.2877   5.2281   5.1811   5.1471   5.1264   5.1195
   1.90  12.5094  12.4738  12.3685  12.1981  11.9702  11.6944  11.3814  11.0420  10.6860  10.3220   9.9572   9.5972   9.2462   8.9075   8.5831   8.2743   7.9820   7.7064   7.4475   7.2051   6.9788   6.7680   6.5724   6.3914   6.2246   6.0714   5.9316   5.8048   5.6908   5.5895   5.5009   5.4251   5.3622   5.3127   5.2768   5.2550   5.2477
   1.95  13.2376  13.1976  13.0792  12.8879  12.6328  12.3250  11.9771  11.6013  11.2086  10.8088  10.4097  10.0173   9.6362   9.2697   8.9197   8.5877   8.2741   7.9793   7.7030   7.4448   7.2041   6.9805   6.7732   6.5817   6.4054   6.2437   6.0962   5.9625   5.8425   5.7359   5.6426   5.5628   5.4967   5.4446   5.4068   5.3839   5.3762
   2.00  14.0007  13.9557  13.8229  13.6087  13.3236  12.9810  12.5951  12.1798  11.7478  11.3097  10.8741  10.4475  10.0347   9.6389   9.2623   8.9061   8.5705   8.2558   7.9615   7.6870   7.4317   7.1949   6.9757   6.7734   6.5874   6.4170   6.2617   6.1211   5.9948   5.8828   5.7848   5.7010   5.6316   5.5768   5.5372   5.5131   5.5050
   2.05  14.7997  14.7492  14.6005  14.3611  14.0433  13.6627  13.2356  12.7778  12.3036  11.8247  11.3504  10.8876  10.4415  10.0152   9.6108   9.2293   8.8710   8.5357   8.2229   7.9317   7.6614   7.4110   7.1796   6.9664   6.7705   6.5912   6.4280   6.2803   6.1478   6.0302   5.9275   5.8396   5.7668   5.7093   5.6677   5.6425   5.6340
   2.10  15.6357  15.5793  15.4131  15.1460  14.7925  14.3705  13.8988  13.3954  12.8760  12.3536  11.8383  11.3376  10.8564  10.3983   9.9650   9.5574   9.1755   8.8190   8.4871   8.1789   7.8931   7.6289   7.3850   7.1606   6.9546   6.7664   6.5951   6.4402   6.3014   6.1782   6.0706   5.9785   5.9023   5.8421   5.7985   5.7721   5.7632
   2.15  16.5101  16.4471  16.2616  15.9642  15.5718  15.1049  14.5851  14.0326  13.4650  12.8965  12.3379  11.7971  11.2794  10.7880  10.3247   9.8900   9.4839   9.1056   8.7541   8.4283   8.1268   7.8484   7.5918   7.3560   7.1399   6.9424   6.7630   6.6008   6.4555   6.3266   6.2140   6.1178   6.0381   5.9752   5.9296   5.9019   5.8926
   2.20  17.4239  17.3536  17.1471  16.8166  16.3818  15.8662  15.2946  14.6895  14.0705  13.4531  12.8489  12.2661  11.7102  11.1842  10.6897  10.2271   9.7960   9.3953   9.0237   8.6799   8.3623   8.0695   7.8000   7.5526   7.3260   7.1193   6.9315   6.7620   6.6101   6.4755   6.3579   6.2574   6.1741   6.1084   6.0608   6.0319   6.0221
   2.25  18.3783  18.3001  18.0705  17.7039  17.2229  16.6548  16.0274  15.3661  14.6925  14.0233  13.3711  12.7444  12.1486  11.5867  11.0600  10.5686  10.1116   9.6879   9.2958   8.9336   8.5996   8.2921   8.0095   7.7503   7.5132   7.2970   7.1008   6.9237   6.7652   6.6247   6.5021   6.3973   6.3105   6.2419   6.1923   6.1621   6.1519
   2.30  19.3745  19.2877  19.0328  18.6269  18.0959  17.4711  16.7838  16.0625  15.3308  14.6071  13.9045  13.2318  12.5945  11.9953  11.4353  10.9142  10.4308   9.9835   9.5704   9.1894   8.8387   8.5162   8.2202   7.9490   7.7012   7.4754   7.2707   7.0861   6.9208   6.7744   6.6467   6.5375   6.4471   6.3757   6.3239   6.2924   6.2818
   2.35  20.4138  20.3174  20.0351  19.5863  19.0012  18.3152  17.5637  16.7785  15.9855  15.2042  14.4487  13.7281  13.0476  12.4099  11.8156  11.2639  10.7533  10.2818   9.8472   9.4472   9.0793   8.7416   8.4320   8.1487   7.8900   7.6546   7.4412   7.2489   7.0769   6.9245   6.7916   6.6780   6.5839   6.5096   6.4557   6.4229   6.4119
   2.40  21.4972  21.3905  21.0782  20.5829  19.9392  19.1875  18.3674  17.5142  16.6562  15.8145  15.0037  14.2331  13.5079  12.8303  12.2006  11.6175  11.0790  10.5829  10.1263   9.7068   9.3216   8.9684   8.6450   8.3494   8.0797   7.8345   7.6124   7.4123   7.2333   7.0750   6.9368   6.8188   6.7209   6.6437   6.5877   6.5536   6.5421
   2.45  22.6260  22.5081  22.1632  21.6175  20.9106  20.0882  19.1949  18.2696  17.3430  16.4378  15.5692  14.7466  13.9751  13.2564  12.5902  11.9748  11.4079  10.8865  10.4076   9.9682   9.5654   9.1965   8.8591   8.5510   8.2702   8.0150   7.7841   7.5761   7.3902   7.2258   7.0823   6.9598   6.8582   6.7780   6.7198   6.6843   6.6724
   2.50  23.8015  23.6713  23.2910  22.6907  21.9156  21.0175  20.0462  19.0444  18.0456  17.0738  16.1450  15.2685  14.4490  13.6878  12.9842  12.3358  11.7397  11.1926  10.6909  10.2313   9.8106   9.4258   9.0742   8.7535   8.4614   8.1962   7.9563   7.7404   7.5475   7.3769   7.2281   7.1010   6.9956   6.9124   6.8520   6.8153   6.8029
