#
#  Table giving the detector size, postion and orientation information for
#  TOPAZ detectors, following the conventions in Matt's .pdf file (fall 2011).
#  
#    ID    WIDTH   HEIGHT  DEPTH  ROWS  COLS      THETA        CHI     DIST
#
Det  17  0.15819  0.15819  0.002   256   256   -1.884960   0.558505     45.5
Det  18  0.15819  0.15819  0.002   256   256   -1.256640   0.558505     45.5
Det  22  0.15819  0.15819  0.002   256   256    1.570800   0.279253     42.5
Det  23  0.15819  0.15819  0.002   256   256    2.199110   0.279253     42.5
Det  26  0.15819  0.15819  0.002   256   256   -2.199120   0.279253     42.5
Det  27  0.15819  0.15819  0.002   256   256   -1.570800   0.279253     42.5
Det  33  0.15819  0.15819  0.002   256   256    1.884960   0            39.5
Det  36  0.15819  0.15819  0.002   256   256   -2.51327    0            39.5
Det  37  0.15819  0.15819  0.002   256   256   -1.884960   0            39.5
Det  38  0.15819  0.15819  0.002   256   256   -1.256640   0            39.5
Det  39  0.15819  0.15819  0.002   256   256   -0.628319   0            39.5
Det  46  0.15819  0.15819  0.002   256   256   -2.199120  -0.279253     42.5
Det  47  0.15819  0.15819  0.002   256   256   -1.57080   -0.279253     42.5
Det  48  0.15819  0.15819  0.002   256   256   -0.942478  -0.279253     42.5
Det  49  0.15819  0.15819  0.002   256   256   -0.314159  -0.279253     42.5
Det  57  0.15819  0.15819  0.002   256   256   -1.884960  -0.558505     45.5
Det  58  0.15819  0.15819  0.002   256   256   -1.25664   -0.558505     45.5

